uid,js_divergence,kl_divergence,model_distribution,human_distribution,model_counts,human_counts
56163c,1.0,39.8631371386498,"[1.0, 0.0, 0.0]","[0.0, 1.0, 0.0]","[6.0, 0.0, 0.0]","[0.0, 3.0, 0.0]"
130928n,0.2569574263528412,14.123941642632236,"[0.3125, 0.3125, 0.375]","[0.25, 0.75, 0.0]","[5.0, 5.0, 6.0]","[1.0, 3.0, 0.0]"
12562n,0.4357852367076836,24.095683451504026,"[0.21428571428571427, 0.35714285714285715, 0.42857142857142855]","[0.0, 1.0, 0.0]","[3.0, 5.0, 6.0]","[0.0, 3.0, 0.0]"
118460n,1.0,39.8631371386498,"[1.0, 0.0, 0.0]","[0.0, 1.0, 0.0]","[4.0, 0.0, 0.0]","[0.0, 2.0, 0.0]"
88646c,1.0,39.863137138611926,"[1.0, 0.0, 0.0]","[0.0, 0.5, 0.5]","[5.0, 0.0, 0.0]","[0.0, 2.0, 2.0]"
135898c,0.5087256743873155,26.917012677364795,"[0.42857142857142855, 0.2857142857142857, 0.2857142857142857]","[0.0, 1.0, 0.0]","[6.0, 4.0, 4.0]","[0.0, 2.0, 0.0]"
24163e,0.006077489978553489,0.025062498797997407,"[0.3333333333333333, 0.6666666666666666, 0.0]","[0.25, 0.75, 0.0]","[5.0, 10.0, 0.0]","[1.0, 3.0, 0.0]"
11303n,0.14945302538335486,9.797907006654551,"[0.3333333333333333, 0.4, 0.26666666666666666]","[0.5, 0.5, 0.0]","[5.0, 6.0, 4.0]","[2.0, 2.0, 0.0]"
82830n,0.03639011289186636,0.1494419964381608,"[0.4444444444444444, 0.5555555555555556, 0.0]","[0.6666666666666666, 0.3333333333333333, 0.0]","[4.0, 5.0, 0.0]","[2.0, 1.0, 0.0]"
138448c,0.39253709298630424,17.050852946630187,"[0.4444444444444444, 0.0, 0.5555555555555556]","[0.0, 0.3333333333333333, 0.6666666666666666]","[4.0, 0.0, 5.0]","[0.0, 2.0, 4.0]"
24126n,1.0,39.8631371386498,"[1.0, 0.0, 0.0]","[0.0, 1.0, 0.0]","[6.0, 0.0, 0.0]","[0.0, 3.0, 0.0]"
48222n,0.03109919345212249,0.12769658709748663,"[0.46153846153846156, 0.5384615384615384, 0.0]","[0.6666666666666666, 0.3333333333333333, 0.0]","[6.0, 7.0, 0.0]","[2.0, 1.0, 0.0]"
112349c,0.41326707189653267,23.123417019055378,"[0.38095238095238093, 0.23809523809523808, 0.38095238095238093]","[0.0, 0.0, 1.0]","[8.0, 5.0, 8.0]","[0.0, 0.0, 3.0]"
65066n,1.0,38.8631371386891,"[0.5, 0.0, 0.5]","[0.0, 1.0, 0.0]","[2.0, 0.0, 2.0]","[0.0, 4.0, 0.0]"
132516n,0.4098733378580534,22.954540096062523,"[0.3076923076923077, 0.38461538461538464, 0.3076923076923077]","[0.0, 1.0, 0.0]","[4.0, 5.0, 4.0]","[0.0, 4.0, 0.0]"
122062n,0.248350487817874,15.629771717825523,"[0.4166666666666667, 0.5833333333333334, 0.0]","[0.0, 1.0, 0.0]","[5.0, 7.0, 0.0]","[0.0, 4.0, 0.0]"
77654e,1.0,39.2131147170399,"[0.8333333333333334, 0.0, 0.16666666666666666]","[0.0, 1.0, 0.0]","[5.0, 0.0, 1.0]","[0.0, 1.0, 0.0]"
80808n,0.3112781244591328,18.931568569364202,"[0.5, 0.5, 0.0]","[1.0, 0.0, 0.0]","[5.0, 5.0, 0.0]","[2.0, 0.0, 0.0]"
102075c,0.418821231072075,23.353182587274766,"[0.25, 0.375, 0.375]","[0.0, 1.0, 0.0]","[2.0, 3.0, 3.0]","[0.0, 2.0, 0.0]"
73518n,0.048794940695398505,0.20751874963887507,"[0.0, 0.5, 0.5]","[0.0, 0.75, 0.25]","[0.0, 6.0, 6.0]","[0.0, 3.0, 1.0]"
76037n,0.39581560200335836,22.946931688774455,"[0.6, 0.4, 0.0]","[0.0, 1.0, 0.0]","[3.0, 2.0, 0.0]","[0.0, 2.0, 0.0]"
23414c,0.21681850471982916,12.986612762786594,"[0.34782608695652173, 0.43478260869565216, 0.21739130434782608]","[0.0, 0.5, 0.5]","[8.0, 10.0, 5.0]","[0.0, 1.0, 1.0]"
113644n,0.16011249429901175,10.526347185372321,"[0.2857142857142857, 0.7142857142857143, 0.0]","[0.0, 1.0, 0.0]","[2.0, 5.0, 0.0]","[0.0, 3.0, 0.0]"
98739n,0.1379253809700299,0.4150374992409149,"[1.0, 0.0, 0.0]","[0.75, 0.25, 0.0]","[6.0, 0.0, 0.0]","[3.0, 1.0, 0.0]"
48300c,0.5408520829727552,13.426058212642396,"[0.0, 0.6666666666666666, 0.3333333333333333]","[0.6666666666666666, 0.3333333333333333, 0.0]","[0.0, 4.0, 2.0]","[2.0, 1.0, 0.0]"
82510e,0.5087256743873158,26.89626310197534,"[0.2857142857142857, 0.35714285714285715, 0.35714285714285715]","[1.0, 0.0, 0.0]","[4.0, 5.0, 5.0]","[1.0, 0.0, 0.0]"
132539e,0.5498850558085491,14.558638428094229,"[0.6363636363636364, 0.36363636363636365, 0.0]","[0.3333333333333333, 0.0, 0.6666666666666666]","[7.0, 4.0, 0.0]","[1.0, 0.0, 2.0]"
83247e,0.19087450462110958,0.584962500682742,"[1.0, 0.0, 0.0]","[0.6666666666666666, 0.3333333333333333, 0.0]","[6.0, 0.0, 0.0]","[2.0, 1.0, 0.0]"
112402c,0.09643975528763707,5.184978056629876,"[0.14285714285714285, 0.5, 0.35714285714285715]","[0.0, 0.75, 0.25]","[2.0, 7.0, 5.0]","[0.0, 3.0, 1.0]"
114492n,0.4098733378580534,22.954540096062523,"[0.3076923076923077, 0.38461538461538464, 0.3076923076923077]","[0.0, 1.0, 0.0]","[4.0, 5.0, 4.0]","[0.0, 4.0, 0.0]"
3545n,0.13335518980047686,6.166766059530844,"[0.16666666666666666, 0.4166666666666667, 0.4166666666666667]","[0.0, 0.75, 0.25]","[2.0, 5.0, 5.0]","[0.0, 3.0, 1.0]"
120149c,1.0,38.883268382037905,"[0.5833333333333334, 0.4166666666666667, 0.0]","[0.0, 0.0, 1.0]","[7.0, 5.0, 0.0]","[0.0, 0.0, 4.0]"
136097n,0.3160074205102553,18.05817271106068,"[0.2857142857142857, 0.23809523809523808, 0.47619047619047616]","[0.75, 0.25, 0.0]","[6.0, 5.0, 10.0]","[3.0, 1.0, 0.0]"
93236c,0.2040112131001934,11.478548861553593,"[0.3076923076923077, 0.38461538461538464, 0.3076923076923077]","[0.0, 0.3333333333333333, 0.6666666666666666]","[4.0, 5.0, 4.0]","[0.0, 1.0, 2.0]"
122928e,0.2762115685491562,17.125577578857477,"[0.45454545454545453, 0.2727272727272727, 0.2727272727272727]","[0.0, 0.5, 0.5]","[5.0, 3.0, 3.0]","[0.0, 2.0, 2.0]"
127073c,0.3112781244591328,18.45435156793993,"[0.3125, 0.5, 0.1875]","[0.0, 1.0, 0.0]","[5.0, 8.0, 3.0]","[0.0, 3.0, 0.0]"
5087e,0.0,0.0,"[1.0, 0.0, 0.0]","[1.0, 0.0, 0.0]","[8.0, 0.0, 0.0]","[4.0, 0.0, 0.0]"
55888c,0.24030920443180634,14.576144801033971,"[0.3888888888888889, 0.3333333333333333, 0.2777777777777778]","[0.0, 0.4, 0.6]","[7.0, 6.0, 5.0]","[0.0, 2.0, 3.0]"
35809n,0.20473846263052328,11.775986686823215,"[0.3157894736842105, 0.3684210526315789, 0.3157894736842105]","[0.6666666666666666, 0.3333333333333333, 0.0]","[6.0, 7.0, 6.0]","[2.0, 1.0, 0.0]"
34573n,0.3112781244591328,0.9999999999606944,"[1.0, 0.0, 0.0]","[0.5, 0.5, 0.0]","[15.0, 0.0, 0.0]","[1.0, 1.0, 0.0]"
77025c,1.0,39.8631371386498,"[1.0, 0.0, 0.0]","[0.0, 1.0, 0.0]","[4.0, 0.0, 0.0]","[0.0, 3.0, 0.0]"
29844c,0.20440204509092613,11.654958072187728,"[0.3125, 0.3125, 0.375]","[0.0, 0.6666666666666666, 0.3333333333333333]","[5.0, 5.0, 6.0]","[0.0, 2.0, 1.0]"
125700e,0.0,0.0,"[1.0, 0.0, 0.0]","[1.0, 0.0, 0.0]","[3.0, 0.0, 0.0]","[4.0, 0.0, 0.0]"
124590c,0.5297578726233217,27.702842269772574,"[0.26666666666666666, 0.4666666666666667, 0.26666666666666666]","[0.0, 0.0, 1.0]","[4.0, 7.0, 4.0]","[0.0, 0.0, 4.0]"
49172n,0.4996768578138836,26.616495166958764,"[0.29411764705882354, 0.23529411764705882, 0.47058823529411764]","[1.0, 0.0, 0.0]","[5.0, 4.0, 8.0]","[4.0, 0.0, 0.0]"
10916n,0.35686714873036746,20.615694242570086,"[0.4444444444444444, 0.3333333333333333, 0.2222222222222222]","[1.0, 0.0, 0.0]","[8.0, 6.0, 4.0]","[4.0, 0.0, 0.0]"
11971n,0.5540157730728,23.346931688736014,"[0.4, 0.0, 0.6]","[0.5, 0.5, 0.0]","[4.0, 0.0, 6.0]","[2.0, 2.0, 0.0]"
14280n,0.36833771602378423,16.028790969373702,"[0.4166666666666667, 0.16666666666666666, 0.4166666666666667]","[0.0, 0.75, 0.25]","[10.0, 4.0, 10.0]","[0.0, 3.0, 1.0]"
80630e,0.29283186370521214,13.4419625874789,"[0.23529411764705882, 0.4117647058823529, 0.35294117647058826]","[0.75, 0.25, 0.0]","[4.0, 7.0, 6.0]","[3.0, 1.0, 0.0]"
79013n,0.49342260576014463,26.333245402678,"[0.4, 0.3, 0.3]","[0.0, 0.0, 1.0]","[4.0, 3.0, 3.0]","[0.0, 0.0, 2.0]"
65130n,0.2933450533122339,17.630307564533922,"[0.2, 0.3333333333333333, 0.4666666666666667]","[0.5, 0.5, 0.0]","[3.0, 5.0, 7.0]","[2.0, 2.0, 0.0]"
98561e,0.0,0.0,"[1.0, 0.0, 0.0]","[1.0, 0.0, 0.0]","[3.0, 0.0, 0.0]","[2.0, 0.0, 0.0]"
60732n,0.14601541382646355,9.658824859042252,"[0.3684210526315789, 0.3684210526315789, 0.2631578947368421]","[0.5, 0.5, 0.0]","[7.0, 7.0, 5.0]","[2.0, 2.0, 0.0]"
19208c,0.3627987332841228,20.87683494862075,"[0.25, 0.3125, 0.4375]","[0.0, 0.0, 1.0]","[4.0, 5.0, 7.0]","[0.0, 0.0, 3.0]"
139635n,0.45914791702724467,1.5849625006805783,"[1.0, 0.0, 0.0]","[0.3333333333333333, 0.6666666666666666, 0.0]","[5.0, 0.0, 0.0]","[1.0, 2.0, 0.0]"
100792c,0.34833583088395825,20.749499136916764,"[0.5454545454545454, 0.0, 0.45454545454545453]","[0.0, 0.0, 1.0]","[6.0, 0.0, 5.0]","[0.0, 0.0, 2.0]"
53499c,0.45914791702724467,25.116276842150057,"[0.5, 0.16666666666666666, 0.3333333333333333]","[0.0, 0.0, 1.0]","[3.0, 1.0, 2.0]","[0.0, 0.0, 2.0]"
76219n,0.0301012673148628,0.1299222593948218,"[0.6153846153846154, 0.38461538461538464, 0.0]","[0.8, 0.2, 0.0]","[8.0, 5.0, 0.0]","[4.0, 1.0, 0.0]"
96583n,0.19087450462110958,12.369416545534575,"[0.3333333333333333, 0.6666666666666666, 0.0]","[0.0, 1.0, 0.0]","[2.0, 4.0, 0.0]","[0.0, 4.0, 0.0]"
64123c,0.07539593734971191,5.103061098405918,"[0.0, 0.8571428571428571, 0.14285714285714285]","[0.0, 1.0, 0.0]","[0.0, 6.0, 1.0]","[0.0, 2.0, 0.0]"
51353c,0.29074881172637257,17.415080679852796,"[0.21052631578947367, 0.2631578947368421, 0.5263157894736842]","[0.0, 0.0, 1.0]","[4.0, 5.0, 10.0]","[0.0, 0.0, 3.0]"
34176n,0.20471845151484958,11.65843541517152,"[0.3125, 0.375, 0.3125]","[0.25, 0.75, 0.0]","[5.0, 6.0, 5.0]","[1.0, 3.0, 0.0]"
113967e,0.31127812445913294,18.472420652375092,"[0.3333333333333333, 0.5, 0.16666666666666666]","[0.0, 1.0, 0.0]","[4.0, 6.0, 2.0]","[0.0, 4.0, 0.0]"
67571c,0.22519733556259358,13.353046946689199,"[0.35714285714285715, 0.5714285714285714, 0.07142857142857142]","[0.0, 0.75, 0.25]","[5.0, 8.0, 1.0]","[0.0, 3.0, 1.0]"
96956c,0.6556390622295666,19.931568569324586,"[0.5, 0.5, 0.0]","[0.0, 0.25, 0.75]","[5.0, 5.0, 0.0]","[0.0, 1.0, 3.0]"
53211n,0.418821231072075,23.960026708770368,"[0.625, 0.375, 0.0]","[0.0, 1.0, 0.0]","[5.0, 3.0, 0.0]","[0.0, 3.0, 0.0]"
46576e,0.37707000518459144,21.54923001187361,"[0.42105263157894735, 0.3684210526315789, 0.21052631578947367]","[1.0, 0.0, 0.0]","[8.0, 7.0, 4.0]","[4.0, 0.0, 0.0]"
73260n,0.1282452903143251,8.426939771869339,"[0.23076923076923078, 0.5384615384615384, 0.23076923076923078]","[0.0, 0.75, 0.25]","[3.0, 7.0, 3.0]","[0.0, 3.0, 1.0]"
117089n,0.45914791702724467,25.020839589839824,"[0.4166666666666667, 0.3333333333333333, 0.25]","[0.0, 1.0, 0.0]","[10.0, 8.0, 6.0]","[0.0, 3.0, 0.0]"
66858n,0.5289571308812512,21.599555683856888,"[0.4444444444444444, 0.0, 0.5555555555555556]","[0.5, 0.5, 0.0]","[8.0, 0.0, 10.0]","[2.0, 2.0, 0.0]"
21297n,0.3112781244591328,0.9999999999606944,"[0.0, 1.0, 0.0]","[0.5, 0.5, 0.0]","[0.0, 2.0, 0.0]","[2.0, 2.0, 0.0]"
111338c,0.6556390622295666,19.931568569324586,"[0.5, 0.5, 0.0]","[0.0, 0.25, 0.75]","[3.0, 3.0, 0.0]","[0.0, 1.0, 3.0]"
23642n,0.1379253809700299,9.154506160242205,"[0.25, 0.75, 0.0]","[0.0, 1.0, 0.0]","[2.0, 6.0, 0.0]","[0.0, 4.0, 0.0]"
100349e,0.20440204509092613,11.654958072187728,"[0.3125, 0.375, 0.3125]","[0.6666666666666666, 0.3333333333333333, 0.0]","[5.0, 6.0, 5.0]","[2.0, 1.0, 0.0]"
18428n,0.196722141745488,12.389047775218973,"[0.3333333333333333, 0.3333333333333333, 0.3333333333333333]","[0.6, 0.4, 0.0]","[5.0, 5.0, 5.0]","[3.0, 2.0, 0.0]"
142643c,0.26866647658950904,16.281429335194662,"[0.2222222222222222, 0.2222222222222222, 0.5555555555555556]","[0.0, 0.0, 1.0]","[2.0, 2.0, 5.0]","[0.0, 0.0, 4.0]"
45443c,0.16011249429901175,10.526347185372247,"[0.2857142857142857, 0.35714285714285715, 0.35714285714285715]","[0.0, 0.5, 0.5]","[4.0, 5.0, 5.0]","[0.0, 2.0, 2.0]"
108624c,1.0,39.8631371386498,"[0.0, 1.0, 0.0]","[0.0, 0.0, 1.0]","[0.0, 5.0, 0.0]","[0.0, 0.0, 4.0]"
112547n,1.0,39.8631371386498,"[1.0, 0.0, 0.0]","[0.0, 1.0, 0.0]","[6.0, 0.0, 0.0]","[0.0, 3.0, 0.0]"
20181n,1.0,39.8631371386498,"[1.0, 0.0, 0.0]","[0.0, 1.0, 0.0]","[15.0, 0.0, 0.0]","[0.0, 4.0, 0.0]"
123891c,0.26458192834470506,16.45472657814966,"[0.25, 0.3125, 0.4375]","[0.4, 0.6, 0.0]","[4.0, 5.0, 7.0]","[2.0, 3.0, 0.0]"
63218n,0.45914791702724467,25.00982852882006,"[0.4, 0.3333333333333333, 0.26666666666666666]","[0.0, 1.0, 0.0]","[6.0, 5.0, 4.0]","[0.0, 4.0, 0.0]"
102563n,0.1654402779767662,10.85047105151448,"[0.29411764705882354, 0.35294117647058826, 0.35294117647058826]","[0.0, 0.5, 0.5]","[5.0, 6.0, 6.0]","[0.0, 1.0, 1.0]"
107252c,0.3112781244591328,18.931568569364202,"[0.5, 0.5, 0.0]","[0.0, 1.0, 0.0]","[3.0, 3.0, 0.0]","[0.0, 4.0, 0.0]"
80930n,0.2327326571273547,12.512091149711857,"[0.4, 0.26666666666666666, 0.3333333333333333]","[0.3333333333333333, 0.6666666666666666, 0.0]","[12.0, 8.0, 10.0]","[1.0, 2.0, 0.0]"
89995c,0.5487949406953986,28.397352854064955,"[0.25, 0.25, 0.5]","[0.0, 1.0, 0.0]","[5.0, 5.0, 10.0]","[0.0, 1.0, 0.0]"
6386n,0.29295254535588977,16.217555637505704,"[0.2857142857142857, 0.2857142857142857, 0.42857142857142855]","[0.75, 0.25, 0.0]","[4.0, 4.0, 6.0]","[3.0, 1.0, 0.0]"
42860n,0.13634715212731202,0.49674166522272234,"[0.4444444444444444, 0.4444444444444444, 0.1111111111111111]","[0.25, 0.25, 0.5]","[4.0, 4.0, 1.0]","[1.0, 1.0, 2.0]"
34094e,0.5087256743873158,26.95462322050767,"[0.2857142857142857, 0.47619047619047616, 0.23809523809523808]","[1.0, 0.0, 0.0]","[6.0, 10.0, 5.0]","[4.0, 0.0, 0.0]"
120070n,0.09785481439986546,0.3741854163049568,"[0.5, 0.3333333333333333, 0.16666666666666666]","[0.25, 0.25, 0.5]","[3.0, 2.0, 1.0]","[1.0, 1.0, 2.0]"
101525c,1.0,39.8631371386498,"[1.0, 0.0, 0.0]","[0.0, 1.0, 0.0]","[4.0, 0.0, 0.0]","[0.0, 4.0, 0.0]"
107468n,0.26866647658950904,16.72587377960097,"[0.4444444444444444, 0.5555555555555556, 0.0]","[0.0, 1.0, 0.0]","[4.0, 5.0, 0.0]","[0.0, 3.0, 0.0]"
16989c,0.5173990419746428,27.243411873708816,"[0.2777777777777778, 0.2777777777777778, 0.4444444444444444]","[0.0, 1.0, 0.0]","[5.0, 5.0, 8.0]","[0.0, 3.0, 0.0]"
79106e,0.02020342989288149,0.0791394005126202,"[0.2, 0.4666666666666667, 0.3333333333333333]","[0.3333333333333333, 0.3333333333333333, 0.3333333333333333]","[3.0, 7.0, 5.0]","[1.0, 1.0, 1.0]"
134356n,0.2536836944627616,15.03164613180123,"[0.35, 0.25, 0.4]","[0.75, 0.25, 0.0]","[7.0, 5.0, 8.0]","[3.0, 1.0, 0.0]"
123038e,0.0,0.0,"[1.0, 0.0, 0.0]","[1.0, 0.0, 0.0]","[6.0, 0.0, 0.0]","[2.0, 0.0, 0.0]"
138966n,0.418821231072075,23.960026708770368,"[0.625, 0.375, 0.0]","[0.0, 1.0, 0.0]","[5.0, 3.0, 0.0]","[0.0, 3.0, 0.0]"
140005c,0.37050650054950524,21.793707371804906,"[0.0, 0.5714285714285714, 0.42857142857142855]","[0.0, 0.0, 1.0]","[0.0, 4.0, 3.0]","[0.0, 0.0, 4.0]"
144408n,0.14433713934363834,8.485191426066647,"[0.23076923076923078, 0.38461538461538464, 0.38461538461538464]","[0.0, 0.3333333333333333, 0.6666666666666666]","[3.0, 5.0, 5.0]","[0.0, 1.0, 2.0]"
88188e,0.4996768578138836,26.558821638056216,"[0.35294117647058826, 0.29411764705882354, 0.35294117647058826]","[0.0, 1.0, 0.0]","[6.0, 5.0, 6.0]","[0.0, 4.0, 0.0]"
118999n,0.39581560200335836,22.946931688774455,"[0.6, 0.4, 0.0]","[0.0, 1.0, 0.0]","[3.0, 2.0, 0.0]","[0.0, 3.0, 0.0]"
121910e,0.45914791702724467,1.5849625006805783,"[0.0, 1.0, 0.0]","[0.6666666666666666, 0.3333333333333333, 0.0]","[0.0, 1.0, 0.0]","[2.0, 1.0, 0.0]"
21957n,0.45914791702724467,25.657128925084503,"[0.6666666666666666, 0.3333333333333333, 0.0]","[0.0, 1.0, 0.0]","[4.0, 2.0, 0.0]","[0.0, 3.0, 0.0]"
74768e,0.0,0.0,"[1.0, 0.0, 0.0]","[1.0, 0.0, 0.0]","[6.0, 0.0, 0.0]","[3.0, 0.0, 0.0]"
15100e,0.0,0.0,"[0.6666666666666666, 0.3333333333333333, 0.0]","[0.6666666666666666, 0.3333333333333333, 0.0]","[4.0, 2.0, 0.0]","[2.0, 1.0, 0.0]"
98445c,0.5297578726233217,27.667371004730043,"[0.3333333333333333, 0.26666666666666666, 0.4]","[0.0, 1.0, 0.0]","[5.0, 4.0, 6.0]","[0.0, 1.0, 0.0]"
83248c,0.5087256743873158,27.610548816222234,"[0.7142857142857143, 0.0, 0.2857142857142857]","[0.0, 0.0, 1.0]","[5.0, 0.0, 2.0]","[0.0, 0.0, 3.0]"
59208n,0.013714477705244563,0.05433969539924846,"[0.36363636363636365, 0.6363636363636364, 0.0]","[0.5, 0.5, 0.0]","[4.0, 7.0, 0.0]","[2.0, 2.0, 0.0]"
46650n,0.6556390622295666,19.931568569324586,"[0.5, 0.0, 0.5]","[0.0, 0.75, 0.25]","[4.0, 0.0, 4.0]","[0.0, 3.0, 1.0]"
45957e,0.5665723603913734,16.554333176540155,"[0.4166666666666667, 0.5833333333333334, 0.0]","[0.0, 0.3333333333333333, 0.6666666666666666]","[5.0, 7.0, 0.0]","[0.0, 1.0, 2.0]"
56895c,0.22670134814422055,14.374141370363802,"[0.38461538461538464, 0.23076923076923078, 0.38461538461538464]","[0.0, 0.3333333333333333, 0.6666666666666666]","[5.0, 3.0, 5.0]","[0.0, 1.0, 2.0]"
116059n,0.45914791702724467,24.99046225845656,"[0.3333333333333333, 0.3333333333333333, 0.3333333333333333]","[0.0, 1.0, 0.0]","[8.0, 8.0, 8.0]","[0.0, 4.0, 0.0]"
125013e,0.3568671487303673,20.754040075662452,"[0.4444444444444444, 0.4444444444444444, 0.1111111111111111]","[1.0, 0.0, 0.0]","[4.0, 4.0, 1.0]","[4.0, 0.0, 0.0]"
73191n,0.17493491854712387,11.097464297684045,"[0.3, 0.4, 0.3]","[0.3333333333333333, 0.6666666666666666, 0.0]","[3.0, 4.0, 3.0]","[1.0, 2.0, 0.0]"
11618c,0.5087256743873155,27.094885891340866,"[0.5714285714285714, 0.14285714285714285, 0.2857142857142857]","[0.0, 0.0, 1.0]","[8.0, 2.0, 4.0]","[0.0, 0.0, 4.0]"
55572n,0.2632341807442046,13.492296266498096,"[0.35714285714285715, 0.2857142857142857, 0.35714285714285715]","[0.0, 0.75, 0.25]","[5.0, 4.0, 5.0]","[0.0, 3.0, 1.0]"
116176c,0.1374418978550374,8.62207768990813,"[0.47058823529411764, 0.29411764705882354, 0.23529411764705882]","[0.5, 0.5, 0.0]","[8.0, 5.0, 4.0]","[1.0, 1.0, 0.0]"
128542e,0.19087450462110958,12.369416545534575,"[0.3333333333333333, 0.6666666666666666, 0.0]","[0.0, 1.0, 0.0]","[4.0, 8.0, 0.0]","[0.0, 3.0, 0.0]"
114971e,0.5487949406953986,1.9999999999209461,"[0.0, 1.0, 0.0]","[0.5, 0.25, 0.25]","[0.0, 5.0, 0.0]","[2.0, 1.0, 1.0]"
33822e,0.3112781244591328,0.9999999999606944,"[1.0, 0.0, 0.0]","[0.5, 0.5, 0.0]","[10.0, 0.0, 0.0]","[1.0, 1.0, 0.0]"
36715e,0.23303052487042206,11.585894053139892,"[0.3076923076923077, 0.38461538461538464, 0.3076923076923077]","[0.75, 0.25, 0.0]","[4.0, 5.0, 4.0]","[3.0, 1.0, 0.0]"
47260n,0.5487949406953986,28.397352854064955,"[0.5, 0.25, 0.25]","[0.0, 1.0, 0.0]","[4.0, 2.0, 2.0]","[0.0, 4.0, 0.0]"
9393n,0.380930090909788,21.69891149495234,"[0.3333333333333333, 0.4166666666666667, 0.25]","[0.0, 1.0, 0.0]","[4.0, 5.0, 3.0]","[0.0, 3.0, 0.0]"
121360c,0.418821231072075,23.960026708770368,"[0.625, 0.375, 0.0]","[0.0, 1.0, 0.0]","[5.0, 3.0, 0.0]","[0.0, 2.0, 0.0]"
145495c,0.45914791702724467,25.009828528820055,"[0.26666666666666666, 0.3333333333333333, 0.4]","[0.0, 1.0, 0.0]","[4.0, 5.0, 6.0]","[0.0, 4.0, 0.0]"
117177n,0.45914791702724467,1.5849625006805783,"[1.0, 0.0, 0.0]","[0.3333333333333333, 0.6666666666666666, 0.0]","[6.0, 0.0, 0.0]","[1.0, 2.0, 0.0]"
129185n,0.27977205711133996,17.136558257047717,"[0.22727272727272727, 0.3181818181818182, 0.45454545454545453]","[0.5, 0.5, 0.0]","[5.0, 7.0, 10.0]","[2.0, 2.0, 0.0]"
26372n,0.6099865470109875,31.168581616071137,"[0.8, 0.2, 0.0]","[0.0, 1.0, 0.0]","[4.0, 1.0, 0.0]","[0.0, 3.0, 0.0]"
102857n,0.418821231072075,23.335026708808993,"[0.375, 0.3125, 0.3125]","[1.0, 0.0, 0.0]","[6.0, 5.0, 5.0]","[2.0, 0.0, 0.0]"
110234e,0.1379253809700299,0.4150374992409149,"[1.0, 0.0, 0.0]","[0.75, 0.25, 0.0]","[5.0, 0.0, 0.0]","[3.0, 1.0, 0.0]"
73444n,0.2738654610595804,16.948920642131338,"[0.3, 0.25, 0.45]","[0.5, 0.5, 0.0]","[6.0, 5.0, 9.0]","[1.0, 1.0, 0.0]"
41052n,0.1422515518399395,9.169604592753746,"[0.3125, 0.4375, 0.25]","[0.5, 0.5, 0.0]","[5.0, 7.0, 4.0]","[2.0, 2.0, 0.0]"
77116e,0.1611998859537055,9.839000109331495,"[0.3333333333333333, 0.4, 0.26666666666666666]","[0.6, 0.4, 0.0]","[5.0, 6.0, 4.0]","[3.0, 2.0, 0.0]"
77590c,1.0,39.8631371386498,"[1.0, 0.0, 0.0]","[0.0, 1.0, 0.0]","[3.0, 0.0, 0.0]","[0.0, 3.0, 0.0]"
81579e,0.290927968503819,17.17192076106899,"[0.2727272727272727, 0.2727272727272727, 0.45454545454545453]","[0.3333333333333333, 0.6666666666666666, 0.0]","[3.0, 3.0, 5.0]","[1.0, 2.0, 0.0]"
105196n,0.17376687288992734,9.277025603785921,"[0.55, 0.2, 0.25]","[0.5, 0.5, 0.0]","[11.0, 4.0, 5.0]","[2.0, 2.0, 0.0]"
81356e,0.3112781244591328,0.9999999999602515,"[0.5, 0.5, 0.0]","[0.25, 0.25, 0.5]","[3.0, 3.0, 0.0]","[1.0, 1.0, 2.0]"
53074n,0.2907488117263727,17.415080679852796,"[0.21052631578947367, 0.5263157894736842, 0.2631578947368421]","[0.0, 1.0, 0.0]","[4.0, 10.0, 5.0]","[0.0, 4.0, 0.0]"
91650n,0.48534030902224723,26.020935260574042,"[0.3076923076923077, 0.3076923076923077, 0.38461538461538464]","[1.0, 0.0, 0.0]","[4.0, 4.0, 5.0]","[3.0, 0.0, 0.0]"
125021c,0.18184642328941916,11.40162578463068,"[0.3076923076923077, 0.38461538461538464, 0.3076923076923077]","[0.0, 0.6666666666666666, 0.3333333333333333]","[4.0, 5.0, 4.0]","[0.0, 2.0, 1.0]"
45774c,0.3382449259503488,19.97364713900164,"[0.4666666666666667, 0.4666666666666667, 0.06666666666666667]","[0.0, 1.0, 0.0]","[7.0, 7.0, 1.0]","[0.0, 3.0, 0.0]"
54458n,0.34833583088395825,20.749499136916764,"[0.45454545454545453, 0.0, 0.5454545454545454]","[1.0, 0.0, 0.0]","[5.0, 0.0, 6.0]","[4.0, 0.0, 0.0]"
100895c,0.6099865470109875,30.43394494886635,"[0.26666666666666666, 0.2, 0.5333333333333333]","[0.0, 1.0, 0.0]","[4.0, 3.0, 8.0]","[0.0, 2.0, 0.0]"
145047e,0.47262797611078294,25.608244683908346,"[0.2, 0.32, 0.48]","[0.0, 1.0, 0.0]","[5.0, 8.0, 12.0]","[0.0, 4.0, 0.0]"
46820e,0.5661236006735826,29.015484677381778,"[0.23529411764705882, 0.23529411764705882, 0.5294117647058824]","[0.0, 1.0, 0.0]","[4.0, 4.0, 9.0]","[0.0, 3.0, 0.0]"
78105e,0.37050650054950524,21.793707371804906,"[0.42857142857142855, 0.5714285714285714, 0.0]","[1.0, 0.0, 0.0]","[3.0, 4.0, 0.0]","[4.0, 0.0, 0.0]"
82700c,0.34833583088395825,20.749499136916764,"[0.0, 0.45454545454545453, 0.5454545454545454]","[0.0, 1.0, 0.0]","[0.0, 5.0, 6.0]","[0.0, 4.0, 0.0]"
86331e,0.39581560200335836,22.346931688813015,"[0.4, 0.3, 0.3]","[1.0, 0.0, 0.0]","[4.0, 3.0, 3.0]","[4.0, 0.0, 0.0]"
141293e,0.2315927693695625,0.9610794049660619,"[0.2, 0.8, 0.0]","[0.75, 0.25, 0.0]","[1.0, 4.0, 0.0]","[3.0, 1.0, 0.0]"
49807n,0.0021937541102679163,0.00882742847157475,"[0.45454545454545453, 0.5454545454545454, 0.0]","[0.4, 0.6, 0.0]","[5.0, 6.0, 0.0]","[2.0, 3.0, 0.0]"
18189e,0.3112781244591328,0.9999999999606944,"[1.0, 0.0, 0.0]","[0.5, 0.5, 0.0]","[7.0, 0.0, 0.0]","[2.0, 2.0, 0.0]"
54327n,0.27921415404804995,15.729616763892547,"[0.4166666666666667, 0.25, 0.3333333333333333]","[0.0, 0.6666666666666666, 0.3333333333333333]","[5.0, 3.0, 4.0]","[0.0, 2.0, 1.0]"
13760n,0.37050650054950524,21.248316513029046,"[0.35714285714285715, 0.42857142857142855, 0.21428571428571427]","[0.0, 1.0, 0.0]","[5.0, 6.0, 3.0]","[0.0, 2.0, 0.0]"
43094c,0.2073907052464348,12.423885989497975,"[0.3333333333333333, 0.2222222222222222, 0.4444444444444444]","[0.0, 0.5, 0.5]","[6.0, 4.0, 8.0]","[0.0, 2.0, 2.0]"
130869n,0.45914791702724467,1.5849625006433,"[1.0, 0.0, 0.0]","[0.3333333333333333, 0.3333333333333333, 0.3333333333333333]","[4.0, 0.0, 0.0]","[1.0, 1.0, 1.0]"
65879c,0.3568671487303673,20.615694242570086,"[0.2222222222222222, 0.3333333333333333, 0.4444444444444444]","[0.0, 0.0, 1.0]","[2.0, 3.0, 4.0]","[0.0, 0.0, 4.0]"
37407n,0.4996768578138836,26.57303192747889,"[0.4117647058823529, 0.29411764705882354, 0.29411764705882354]","[0.0, 1.0, 0.0]","[7.0, 5.0, 5.0]","[0.0, 4.0, 0.0]"
23583e,0.9999999999999998,38.87790900265482,"[0.42857142857142855, 0.5714285714285714, 0.0]","[0.0, 0.0, 1.0]","[3.0, 4.0, 0.0]","[0.0, 0.0, 2.0]"
57454e,0.0888056394794565,5.993833768165046,"[0.16666666666666666, 0.4166666666666667, 0.4166666666666667]","[0.0, 0.5, 0.5]","[2.0, 5.0, 5.0]","[0.0, 1.0, 1.0]"
65353n,0.3112781244591328,18.931568569364202,"[0.5, 0.5, 0.0]","[1.0, 0.0, 0.0]","[5.0, 5.0, 0.0]","[4.0, 0.0, 0.0]"
32754e,0.23812781805749617,14.979658625141385,"[0.3333333333333333, 0.26666666666666666, 0.4]","[0.5, 0.5, 0.0]","[5.0, 4.0, 6.0]","[2.0, 2.0, 0.0]"
91913n,0.3705065005495051,21.268966895240666,"[0.19047619047619047, 0.42857142857142855, 0.38095238095238093]","[0.0, 1.0, 0.0]","[4.0, 9.0, 8.0]","[0.0, 3.0, 0.0]"
837n,0.13792538097003013,9.154506160242152,"[0.25, 0.25, 0.5]","[0.3333333333333333, 0.0, 0.6666666666666666]","[5.0, 5.0, 10.0]","[1.0, 0.0, 2.0]"
129464c,0.3112781244591328,18.931568569364202,"[0.5, 0.5, 0.0]","[0.0, 1.0, 0.0]","[8.0, 8.0, 0.0]","[0.0, 4.0, 0.0]"
28456n,0.5313963368682171,17.46027827672161,"[0.4444444444444444, 0.0, 0.5555555555555556]","[0.0, 0.6, 0.4]","[4.0, 0.0, 5.0]","[0.0, 3.0, 2.0]"
144753e,0.21266774643084466,13.162263322646433,"[0.4117647058823529, 0.23529411764705882, 0.35294117647058826]","[0.75, 0.25, 0.0]","[7.0, 4.0, 6.0]","[3.0, 1.0, 0.0]"
52278e,0.6099865470109875,30.40503441377005,"[0.2, 0.5, 0.3]","[1.0, 0.0, 0.0]","[2.0, 5.0, 3.0]","[4.0, 0.0, 0.0]"
91797c,0.2655848679942262,12.632792815705175,"[0.3333333333333333, 0.4, 0.26666666666666666]","[0.0, 0.25, 0.75]","[5.0, 6.0, 4.0]","[0.0, 1.0, 3.0]"
125238c,0.3112781244591328,18.472420652375092,"[0.16666666666666666, 0.5, 0.3333333333333333]","[0.0, 1.0, 0.0]","[2.0, 6.0, 4.0]","[0.0, 2.0, 0.0]"
15771c,1.0,38.91747683408835,"[0.36363636363636365, 0.6363636363636364, 0.0]","[0.0, 0.0, 1.0]","[4.0, 7.0, 0.0]","[0.0, 0.0, 4.0]"
124037n,1.0,39.8631371386498,"[1.0, 0.0, 0.0]","[0.0, 1.0, 0.0]","[5.0, 0.0, 0.0]","[0.0, 3.0, 0.0]"
106013c,0.45914791702724467,24.99046225845656,"[0.3333333333333333, 0.3333333333333333, 0.3333333333333333]","[0.0, 0.0, 1.0]","[5.0, 5.0, 5.0]","[0.0, 0.0, 3.0]"
62238e,0.48034295612758887,25.82647277997461,"[0.375, 0.3125, 0.3125]","[0.0, 1.0, 0.0]","[6.0, 5.0, 5.0]","[0.0, 3.0, 0.0]"
49611e,0.009392817861873282,0.03833088532729009,"[0.5555555555555556, 0.4444444444444444, 0.0]","[0.6666666666666666, 0.3333333333333333, 0.0]","[5.0, 4.0, 0.0]","[2.0, 1.0, 0.0]"
111338e,0.5487949406953986,1.9999999999582243,"[1.0, 0.0, 0.0]","[0.25, 0.75, 0.0]","[4.0, 0.0, 0.0]","[1.0, 3.0, 0.0]"
73840n,0.0623823794464412,0.25552849779563697,"[0.625, 0.375, 0.0]","[0.3333333333333333, 0.6666666666666666, 0.0]","[5.0, 3.0, 0.0]","[1.0, 2.0, 0.0]"
111693e,0.28282087181009935,17.4067122677218,"[0.46153846153846156, 0.38461538461538464, 0.15384615384615385]","[0.0, 0.6666666666666666, 0.3333333333333333]","[6.0, 5.0, 2.0]","[0.0, 2.0, 1.0]"
19578n,0.18146269905952894,9.319311853195307,"[0.25, 0.4166666666666667, 0.3333333333333333]","[0.0, 0.8, 0.2]","[3.0, 5.0, 4.0]","[0.0, 4.0, 1.0]"
63469c,0.20854684177068303,13.302285552418766,"[0.35714285714285715, 0.35714285714285715, 0.2857142857142857]","[0.0, 0.5, 0.5]","[5.0, 5.0, 4.0]","[0.0, 2.0, 2.0]"
114458e,0.3112781244591328,18.45435156793993,"[0.5, 0.3125, 0.1875]","[1.0, 0.0, 0.0]","[8.0, 5.0, 3.0]","[1.0, 0.0, 0.0]"
61216c,0.48034295612758887,25.859727090951974,"[0.25, 0.4375, 0.3125]","[0.0, 0.0, 1.0]","[4.0, 7.0, 5.0]","[0.0, 0.0, 4.0]"
103169n,0.2762115685491562,17.125577578857694,"[0.5454545454545454, 0.45454545454545453, 0.0]","[1.0, 0.0, 0.0]","[6.0, 5.0, 0.0]","[2.0, 0.0, 0.0]"
118403n,0.6284905946211772,27.896263101898246,"[0.7142857142857143, 0.2857142857142857, 0.0]","[0.0, 0.5, 0.5]","[10.0, 4.0, 0.0]","[0.0, 2.0, 2.0]"
138285n,0.20471845151484958,11.65843541517152,"[0.3125, 0.375, 0.3125]","[0.25, 0.75, 0.0]","[5.0, 6.0, 5.0]","[1.0, 3.0, 0.0]"
136360e,0.0,0.0,"[1.0, 0.0, 0.0]","[1.0, 0.0, 0.0]","[5.0, 0.0, 0.0]","[4.0, 0.0, 0.0]"
917c,1.0,39.8631371386121,"[1.0, 0.0, 0.0]","[0.0, 0.3333333333333333, 0.6666666666666666]","[3.0, 0.0, 0.0]","[0.0, 1.0, 2.0]"
80109n,0.380930090909788,21.77014090930819,"[0.16666666666666666, 0.4166666666666667, 0.4166666666666667]","[0.0, 0.0, 1.0]","[2.0, 5.0, 5.0]","[0.0, 0.0, 2.0]"
24103n,1.0,39.8631371386498,"[1.0, 0.0, 0.0]","[0.0, 1.0, 0.0]","[7.0, 0.0, 0.0]","[0.0, 2.0, 0.0]"
98487c,0.4996768578138836,26.57303192747889,"[0.29411764705882354, 0.29411764705882354, 0.4117647058823529]","[0.0, 1.0, 0.0]","[5.0, 5.0, 7.0]","[0.0, 4.0, 0.0]"
101253c,1.0,39.863137138611926,"[1.0, 0.0, 0.0]","[0.0, 0.5, 0.5]","[5.0, 0.0, 0.0]","[0.0, 2.0, 2.0]"
142430c,0.048794940695398505,0.20751874963887507,"[0.0, 0.5, 0.5]","[0.0, 0.25, 0.75]","[0.0, 1.0, 1.0]","[0.0, 1.0, 3.0]"
76947n,0.17049472059689944,10.86816222713667,"[0.23529411764705882, 0.47058823529411764, 0.29411764705882354]","[0.25, 0.75, 0.0]","[4.0, 8.0, 5.0]","[1.0, 3.0, 0.0]"
10229n,0.5661236006735826,28.961385586879338,"[0.47058823529411764, 0.23529411764705882, 0.29411764705882354]","[0.0, 1.0, 0.0]","[8.0, 4.0, 5.0]","[0.0, 4.0, 0.0]"
84055n,1.0,39.8631371386498,"[0.0, 0.0, 1.0]","[0.0, 1.0, 0.0]","[0.0, 0.0, 7.0]","[0.0, 2.0, 0.0]"
26143n,0.2762115685491563,16.79742844485551,"[0.09090909090909091, 0.36363636363636365, 0.5454545454545454]","[0.0, 0.0, 1.0]","[1.0, 4.0, 6.0]","[0.0, 0.0, 3.0]"
77875e,0.16011249429901175,10.526347185372321,"[0.2857142857142857, 0.7142857142857143, 0.0]","[0.0, 1.0, 0.0]","[4.0, 10.0, 0.0]","[0.0, 4.0, 0.0]"
100768n,0.10803154614560015,0.3219280948497825,"[1.0, 0.0, 0.0]","[0.8, 0.2, 0.0]","[4.0, 0.0, 0.0]","[4.0, 1.0, 0.0]"
30171n,0.3125487418444837,18.935346678298256,"[0.5, 0.35714285714285715, 0.14285714285714285]","[0.0, 0.6666666666666666, 0.3333333333333333]","[14.0, 10.0, 4.0]","[0.0, 2.0, 1.0]"
104805e,0.19087450462110958,12.369416545534472,"[0.3333333333333333, 0.3333333333333333, 0.3333333333333333]","[0.5, 0.5, 0.0]","[5.0, 5.0, 5.0]","[2.0, 2.0, 0.0]"
77893n,0.0,0.0,"[0.75, 0.25, 0.0]","[0.75, 0.25, 0.0]","[3.0, 1.0, 0.0]","[3.0, 1.0, 0.0]"
50484c,0.4098733378580534,22.95454009606252,"[0.3076923076923077, 0.3076923076923077, 0.38461538461538464]","[0.0, 0.0, 1.0]","[4.0, 4.0, 5.0]","[0.0, 0.0, 4.0]"
30282n,0.19140579597247853,10.6391293527295,"[0.3333333333333333, 0.38095238095238093, 0.2857142857142857]","[0.25, 0.75, 0.0]","[7.0, 8.0, 6.0]","[1.0, 3.0, 0.0]"
16996e,0.0,0.0,"[0.0, 1.0, 0.0]","[0.0, 1.0, 0.0]","[0.0, 5.0, 0.0]","[0.0, 3.0, 0.0]"
105179c,0.2415204970459741,14.42302383370217,"[0.38461538461538464, 0.3076923076923077, 0.3076923076923077]","[0.0, 0.3333333333333333, 0.6666666666666666]","[5.0, 4.0, 4.0]","[0.0, 1.0, 2.0]"
85428e,0.37050650054950524,21.22227880041483,"[0.42857142857142855, 0.2857142857142857, 0.2857142857142857]","[1.0, 0.0, 0.0]","[6.0, 4.0, 4.0]","[3.0, 0.0, 0.0]"
93357c,0.3112781244591328,18.60655735857748,"[0.4166666666666667, 0.5, 0.08333333333333333]","[0.0, 1.0, 0.0]","[5.0, 6.0, 1.0]","[0.0, 4.0, 0.0]"
104412e,0.0,0.0,"[1.0, 0.0, 0.0]","[1.0, 0.0, 0.0]","[6.0, 0.0, 0.0]","[3.0, 0.0, 0.0]"
86429n,0.1379253809700299,9.154506160242205,"[0.25, 0.75, 0.0]","[0.0, 1.0, 0.0]","[1.0, 3.0, 0.0]","[0.0, 4.0, 0.0]"
11534n,0.0,0.0,"[0.0, 1.0, 0.0]","[0.0, 1.0, 0.0]","[0.0, 1.0, 0.0]","[0.0, 3.0, 0.0]"
128176e,0.5297578726233217,28.39632649310763,"[0.7333333333333333, 0.26666666666666666, 0.0]","[0.0, 1.0, 0.0]","[11.0, 4.0, 0.0]","[0.0, 3.0, 0.0]"
91106n,0.45914791702724467,25.657128925084503,"[0.6666666666666666, 0.3333333333333333, 0.0]","[0.0, 1.0, 0.0]","[6.0, 3.0, 0.0]","[0.0, 4.0, 0.0]"
65650e,1.0,39.8631371386498,"[1.0, 0.0, 0.0]","[0.0, 1.0, 0.0]","[1.0, 0.0, 0.0]","[0.0, 4.0, 0.0]"
123267e,1.0,39.8631371386498,"[1.0, 0.0, 0.0]","[0.0, 1.0, 0.0]","[5.0, 0.0, 0.0]","[0.0, 4.0, 0.0]"
72721e,0.4357852367076836,24.095683451504026,"[0.21428571428571427, 0.42857142857142855, 0.35714285714285715]","[0.0, 0.0, 1.0]","[3.0, 6.0, 5.0]","[0.0, 0.0, 2.0]"
30380c,1.0,39.8631371386498,"[1.0, 0.0, 0.0]","[0.0, 0.0, 1.0]","[6.0, 0.0, 0.0]","[0.0, 0.0, 2.0]"
130680e,0.39581560200335836,22.39595418838016,"[0.4, 0.4, 0.2]","[1.0, 0.0, 0.0]","[8.0, 8.0, 4.0]","[4.0, 0.0, 0.0]"
81842c,0.5487949406953986,1.9999999999209461,"[1.0, 0.0, 0.0]","[0.25, 0.5, 0.25]","[3.0, 0.0, 0.0]","[1.0, 2.0, 1.0]"
26142n,0.1379253809700299,0.4150374992409149,"[1.0, 0.0, 0.0]","[0.75, 0.0, 0.25]","[5.0, 0.0, 0.0]","[3.0, 0.0, 1.0]"
135021n,0.0,0.0,"[0.0, 1.0, 0.0]","[0.0, 1.0, 0.0]","[0.0, 7.0, 0.0]","[0.0, 1.0, 0.0]"
8257n,0.45914791702724467,25.00388308735575,"[0.3333333333333333, 0.2777777777777778, 0.3888888888888889]","[1.0, 0.0, 0.0]","[6.0, 5.0, 7.0]","[4.0, 0.0, 0.0]"
25304n,1.0,39.8631371386498,"[0.0, 1.0, 0.0]","[0.0, 0.0, 1.0]","[0.0, 2.0, 0.0]","[0.0, 0.0, 3.0]"
105911c,0.1784603198163467,11.56529635294208,"[0.3125, 0.375, 0.3125]","[0.5, 0.5, 0.0]","[5.0, 6.0, 5.0]","[1.0, 1.0, 0.0]"
126486n,0.1654402779767662,10.850471051514482,"[0.47058823529411764, 0.23529411764705882, 0.29411764705882354]","[0.6666666666666666, 0.3333333333333333, 0.0]","[8.0, 4.0, 5.0]","[2.0, 1.0, 0.0]"
43440n,0.2909388770033496,14.24115767739284,"[0.375, 0.25, 0.375]","[0.0, 0.75, 0.25]","[6.0, 4.0, 6.0]","[0.0, 3.0, 1.0]"
109679n,0.48534030902224723,26.020935260574042,"[0.3076923076923077, 0.3076923076923077, 0.38461538461538464]","[1.0, 0.0, 0.0]","[4.0, 4.0, 5.0]","[3.0, 0.0, 0.0]"
23901e,0.5000000000000001,19.431568569325616,"[0.5, 0.0, 0.5]","[0.5, 0.5, 0.0]","[3.0, 0.0, 3.0]","[2.0, 2.0, 0.0]"
93955n,0.5173990419746428,27.21850181728074,"[0.3333333333333333, 0.2777777777777778, 0.3888888888888889]","[0.0, 1.0, 0.0]","[6.0, 5.0, 7.0]","[0.0, 2.0, 0.0]"
57454c,0.37050650054950524,21.793707371804906,"[0.0, 0.42857142857142855, 0.5714285714285714]","[0.0, 1.0, 0.0]","[0.0, 3.0, 4.0]","[0.0, 2.0, 0.0]"
21340n,0.40593693711102036,22.789264357430763,"[0.2777777777777778, 0.3888888888888889, 0.3333333333333333]","[0.0, 1.0, 0.0]","[5.0, 7.0, 6.0]","[0.0, 3.0, 0.0]"
53619c,1.0,39.2131147170399,"[0.16666666666666666, 0.8333333333333334, 0.0]","[0.0, 0.0, 1.0]","[1.0, 5.0, 0.0]","[0.0, 0.0, 3.0]"
58357c,1.0,39.8631371386498,"[1.0, 0.0, 0.0]","[0.0, 1.0, 0.0]","[10.0, 0.0, 0.0]","[0.0, 2.0, 0.0]"
88605n,0.33368556989338366,14.750735582157505,"[0.23076923076923078, 0.38461538461538464, 0.38461538461538464]","[0.8, 0.2, 0.0]","[3.0, 5.0, 5.0]","[4.0, 1.0, 0.0]"
49396e,0.020720839623908218,0.08496250072096553,"[0.5, 0.5, 0.0]","[0.3333333333333333, 0.6666666666666666, 0.0]","[5.0, 5.0, 0.0]","[1.0, 2.0, 0.0]"
97926n,0.19712413781885307,11.632376229154543,"[0.25, 0.4375, 0.3125]","[0.2, 0.8, 0.0]","[4.0, 7.0, 5.0]","[1.0, 4.0, 0.0]"
61429c,0.43984465636092385,24.21393121813564,"[0.29411764705882354, 0.35294117647058826, 0.35294117647058826]","[0.0, 1.0, 0.0]","[5.0, 6.0, 6.0]","[0.0, 4.0, 0.0]"
58954c,0.1784603198163467,11.56529635294208,"[0.3125, 0.375, 0.3125]","[0.0, 0.5, 0.5]","[5.0, 6.0, 5.0]","[0.0, 2.0, 2.0]"
42388e,0.16961673940860045,10.864681340937157,"[0.4117647058823529, 0.29411764705882354, 0.29411764705882354]","[0.5, 0.5, 0.0]","[7.0, 5.0, 5.0]","[2.0, 2.0, 0.0]"
30894n,0.23645279766002797,0.7369655941274406,"[1.0, 0.0, 0.0]","[0.6, 0.4, 0.0]","[9.0, 0.0, 0.0]","[3.0, 2.0, 0.0]"
44747n,0.6284905946211772,27.896263101898246,"[0.7142857142857143, 0.2857142857142857, 0.0]","[0.0, 0.5, 0.5]","[5.0, 2.0, 0.0]","[0.0, 2.0, 2.0]"
22235n,0.16702580990126034,0.6630344058323101,"[0.2, 0.8, 0.0]","[0.6666666666666666, 0.3333333333333333, 0.0]","[1.0, 4.0, 0.0]","[2.0, 1.0, 0.0]"
131623c,0.2762115685491562,17.125577578857694,"[0.0, 0.5454545454545454, 0.45454545454545453]","[0.0, 1.0, 0.0]","[0.0, 6.0, 5.0]","[0.0, 3.0, 0.0]"
72870c,1.0,39.8631371386498,"[1.0, 0.0, 0.0]","[0.0, 1.0, 0.0]","[3.0, 0.0, 0.0]","[0.0, 2.0, 0.0]"
62273n,0.21298631970925294,12.44774594017599,"[0.25, 0.4166666666666667, 0.3333333333333333]","[0.2, 0.8, 0.0]","[3.0, 5.0, 4.0]","[1.0, 4.0, 0.0]"
138862c,0.34833583088395825,20.248610500198033,"[0.36363636363636365, 0.45454545454545453, 0.18181818181818182]","[0.0, 1.0, 0.0]","[4.0, 5.0, 2.0]","[0.0, 3.0, 0.0]"
139836n,0.5297578726233217,27.702842269772574,"[0.26666666666666666, 0.26666666666666666, 0.4666666666666667]","[1.0, 0.0, 0.0]","[4.0, 4.0, 7.0]","[3.0, 0.0, 0.0]"
98621n,1.0,39.8631371386121,"[1.0, 0.0, 0.0]","[0.0, 0.6666666666666666, 0.3333333333333333]","[5.0, 0.0, 0.0]","[0.0, 2.0, 1.0]"
68946c,0.3376999753437717,13.985319656636541,"[0.36363636363636365, 0.18181818181818182, 0.45454545454545453]","[0.0, 0.75, 0.25]","[4.0, 2.0, 5.0]","[0.0, 3.0, 1.0]"
80517e,0.17353374935095933,7.50824180879046,"[0.4, 0.4, 0.2]","[0.2, 0.8, 0.0]","[6.0, 6.0, 3.0]","[1.0, 4.0, 0.0]"
34043c,0.5229848362894219,27.41874880065523,"[0.36363636363636365, 0.2727272727272727, 0.36363636363636365]","[0.0, 1.0, 0.0]","[4.0, 3.0, 4.0]","[0.0, 3.0, 0.0]"
31113e,0.020720839623908218,0.08170416594534055,"[0.6666666666666666, 0.3333333333333333, 0.0]","[0.5, 0.5, 0.0]","[10.0, 5.0, 0.0]","[2.0, 2.0, 0.0]"
30894c,0.5757993983191749,29.30631813784123,"[0.2727272727272727, 0.22727272727272727, 0.5]","[0.0, 1.0, 0.0]","[6.0, 5.0, 11.0]","[0.0, 4.0, 0.0]"
38156n,0.4464586940687572,24.49469188860226,"[0.38461538461538464, 0.34615384615384615, 0.2692307692307692]","[0.0, 1.0, 0.0]","[10.0, 9.0, 7.0]","[0.0, 4.0, 0.0]"
9557e,1.0,38.94484130463444,"[0.3333333333333333, 0.6666666666666666, 0.0]","[0.0, 0.0, 1.0]","[3.0, 6.0, 0.0]","[0.0, 0.0, 2.0]"
36811c,0.5715616860768334,29.11537103867011,"[0.38461538461538464, 0.23076923076923078, 0.38461538461538464]","[0.0, 1.0, 0.0]","[5.0, 3.0, 5.0]","[0.0, 4.0, 0.0]"
19668c,0.4357852367076836,24.095683451504026,"[0.42857142857142855, 0.21428571428571427, 0.35714285714285715]","[0.0, 0.0, 1.0]","[6.0, 3.0, 5.0]","[0.0, 0.0, 3.0]"
79141n,0.08429531609601,0.35973020138079087,"[0.4166666666666667, 0.5833333333333334, 0.0]","[0.75, 0.25, 0.0]","[5.0, 7.0, 0.0]","[3.0, 1.0, 0.0]"
38477c,1.0,39.8631371386498,"[1.0, 0.0, 0.0]","[0.0, 0.0, 1.0]","[5.0, 0.0, 0.0]","[0.0, 0.0, 3.0]"
139362e,1.0,39.8631371386498,"[1.0, 0.0, 0.0]","[0.0, 1.0, 0.0]","[5.0, 0.0, 0.0]","[0.0, 3.0, 0.0]"
107399c,0.27977205711133996,17.136558257047717,"[0.45454545454545453, 0.3181818181818182, 0.22727272727272727]","[0.0, 0.5, 0.5]","[10.0, 7.0, 5.0]","[0.0, 2.0, 2.0]"
72740c,0.5173990419746428,27.24341187370882,"[0.2777777777777778, 0.4444444444444444, 0.2777777777777778]","[0.0, 0.0, 1.0]","[5.0, 8.0, 5.0]","[0.0, 0.0, 4.0]"
75259c,0.5297578726233217,27.667371004730043,"[0.26666666666666666, 0.3333333333333333, 0.4]","[1.0, 0.0, 0.0]","[4.0, 5.0, 6.0]","[3.0, 0.0, 0.0]"
97011c,0.45914791702724467,25.657128925084503,"[0.3333333333333333, 0.6666666666666666, 0.0]","[1.0, 0.0, 0.0]","[1.0, 2.0, 0.0]","[3.0, 0.0, 0.0]"
144753n,0.20751874963942185,12.426058212681838,"[0.3333333333333333, 0.3333333333333333, 0.3333333333333333]","[0.3333333333333333, 0.6666666666666666, 0.0]","[5.0, 5.0, 5.0]","[1.0, 2.0, 0.0]"
21834e,0.44482259494169923,24.41550506724475,"[0.34782608695652173, 0.30434782608695654, 0.34782608695652173]","[1.0, 0.0, 0.0]","[8.0, 7.0, 8.0]","[2.0, 0.0, 0.0]"
97926c,0.9999999999999998,38.87790900265482,"[0.42857142857142855, 0.5714285714285714, 0.0]","[0.0, 0.0, 1.0]","[3.0, 4.0, 0.0]","[0.0, 0.0, 4.0]"
72875e,0.4640358486204122,23.11294668844835,"[0.4, 0.6, 0.0]","[0.75, 0.0, 0.25]","[4.0, 6.0, 0.0]","[3.0, 0.0, 1.0]"
1735n,0.5715616860768334,29.11537103867011,"[0.38461538461538464, 0.38461538461538464, 0.23076923076923078]","[0.0, 0.0, 1.0]","[5.0, 5.0, 3.0]","[0.0, 0.0, 4.0]"
83657c,0.26316175464831804,7.042410362887596,"[0.18181818181818182, 0.8181818181818182, 0.0]","[0.0, 0.6666666666666666, 0.3333333333333333]","[2.0, 9.0, 0.0]","[0.0, 2.0, 1.0]"
40710n,0.0332125604265073,0.13638683469844398,"[0.45454545454545453, 0.5454545454545454, 0.0]","[0.6666666666666666, 0.3333333333333333, 0.0]","[5.0, 6.0, 0.0]","[2.0, 1.0, 0.0]"
74534n,1.0,39.8631371386121,"[1.0, 0.0, 0.0]","[0.0, 0.6666666666666666, 0.3333333333333333]","[6.0, 0.0, 0.0]","[0.0, 2.0, 1.0]"
43891n,0.3112781244591328,18.431568569402508,"[0.25, 0.5, 0.25]","[0.0, 1.0, 0.0]","[4.0, 8.0, 4.0]","[0.0, 4.0, 0.0]"
100136e,0.40987333785805324,22.9614943063465,"[0.38461538461538464, 0.2692307692307692, 0.34615384615384615]","[1.0, 0.0, 0.0]","[10.0, 7.0, 9.0]","[3.0, 0.0, 0.0]"
2262n,0.6099865470109875,30.519559116542396,"[0.6, 0.2, 0.2]","[0.0, 1.0, 0.0]","[3.0, 1.0, 1.0]","[0.0, 2.0, 0.0]"
48223n,0.21681560663925803,8.467259270114868,"[0.3333333333333333, 0.2222222222222222, 0.4444444444444444]","[0.8, 0.0, 0.2]","[3.0, 2.0, 4.0]","[4.0, 0.0, 1.0]"
95883e,0.5715616860768334,29.13771673524338,"[0.3076923076923077, 0.46153846153846156, 0.23076923076923078]","[0.0, 0.0, 1.0]","[4.0, 6.0, 3.0]","[0.0, 0.0, 3.0]"
2133n,0.19087450462110958,12.36941654553447,"[0.3333333333333333, 0.3333333333333333, 0.3333333333333333]","[0.0, 0.5, 0.5]","[5.0, 5.0, 5.0]","[0.0, 2.0, 2.0]"
144753c,0.6519904973386795,24.99814060207555,"[0.6363636363636364, 0.36363636363636365, 0.0]","[0.0, 0.3333333333333333, 0.6666666666666666]","[7.0, 4.0, 0.0]","[0.0, 1.0, 2.0]"
34776c,1.0,39.8631371386498,"[1.0, 0.0, 0.0]","[0.0, 1.0, 0.0]","[3.0, 0.0, 0.0]","[0.0, 3.0, 0.0]"
3476n,0.42956313049465866,24.421790601852056,"[0.6363636363636364, 0.36363636363636365, 0.0]","[0.0, 1.0, 0.0]","[7.0, 4.0, 0.0]","[0.0, 4.0, 0.0]"
127290n,0.22565578682616286,14.370739217873963,"[0.38461538461538464, 0.6153846153846154, 0.0]","[0.0, 1.0, 0.0]","[5.0, 8.0, 0.0]","[0.0, 4.0, 0.0]"
8219n,1.0,39.8631371386498,"[1.0, 0.0, 0.0]","[0.0, 1.0, 0.0]","[5.0, 0.0, 0.0]","[0.0, 2.0, 0.0]"
92062c,0.16011249429901175,10.526347185372247,"[0.2857142857142857, 0.35714285714285715, 0.35714285714285715]","[0.0, 0.5, 0.5]","[4.0, 5.0, 5.0]","[0.0, 2.0, 2.0]"
13964e,0.19087450462110958,0.584962500682742,"[0.0, 1.0, 0.0]","[0.3333333333333333, 0.6666666666666666, 0.0]","[0.0, 5.0, 0.0]","[1.0, 2.0, 0.0]"
77299n,0.290927968503819,17.17192076106899,"[0.2727272727272727, 0.2727272727272727, 0.45454545454545453]","[0.3333333333333333, 0.6666666666666666, 0.0]","[6.0, 6.0, 10.0]","[1.0, 2.0, 0.0]"
131235c,1.0,39.863137138611926,"[1.0, 0.0, 0.0]","[0.0, 0.5, 0.5]","[7.0, 0.0, 0.0]","[0.0, 1.0, 1.0]"
61818n,0.5943609377704334,10.65450616020151,"[0.75, 0.0, 0.25]","[0.25, 0.75, 0.0]","[3.0, 0.0, 1.0]","[1.0, 3.0, 0.0]"
82230e,0.48034295612758887,25.928689781436766,"[0.5, 0.3125, 0.1875]","[0.0, 1.0, 0.0]","[8.0, 5.0, 3.0]","[0.0, 4.0, 0.0]"
117892n,1.0,39.8631371386498,"[1.0, 0.0, 0.0]","[0.0, 1.0, 0.0]","[4.0, 0.0, 0.0]","[0.0, 4.0, 0.0]"
105561e,1.0,39.8631371386121,"[1.0, 0.0, 0.0]","[0.0, 0.3333333333333333, 0.6666666666666666]","[3.0, 0.0, 0.0]","[0.0, 1.0, 2.0]"
109278n,1.0,39.1412090438011,"[0.8, 0.2, 0.0]","[0.0, 0.0, 1.0]","[4.0, 1.0, 0.0]","[0.0, 0.0, 3.0]"
98944c,0.5173990419746428,27.21850181728074,"[0.3333333333333333, 0.2777777777777778, 0.3888888888888889]","[0.0, 1.0, 0.0]","[6.0, 5.0, 7.0]","[0.0, 2.0, 0.0]"
83722e,0.25698118924235425,16.09897349485493,"[0.5714285714285714, 0.42857142857142855, 0.0]","[1.0, 0.0, 0.0]","[4.0, 3.0, 0.0]","[4.0, 0.0, 0.0]"
133597n,0.5813863754712508,28.650583898175384,"[0.7368421052631579, 0.2631578947368421, 0.0]","[0.0, 0.75, 0.25]","[14.0, 5.0, 0.0]","[0.0, 3.0, 1.0]"
121910c,0.5540157730728,23.346931688736014,"[0.6, 0.0, 0.4]","[0.0, 0.5, 0.5]","[3.0, 0.0, 2.0]","[0.0, 2.0, 2.0]"
67836n,1.0,39.8631371386498,"[1.0, 0.0, 0.0]","[0.0, 1.0, 0.0]","[2.0, 0.0, 0.0]","[0.0, 2.0, 0.0]"
106390n,0.2632341807442046,13.492296266498096,"[0.2857142857142857, 0.35714285714285715, 0.35714285714285715]","[0.75, 0.25, 0.0]","[4.0, 5.0, 5.0]","[3.0, 1.0, 0.0]"
137319n,0.1379253809700299,0.4150374992409149,"[1.0, 0.0, 0.0]","[0.75, 0.25, 0.0]","[10.0, 0.0, 0.0]","[3.0, 1.0, 0.0]"
40486n,0.19087450462110958,0.584962500682742,"[1.0, 0.0, 0.0]","[0.6666666666666666, 0.3333333333333333, 0.0]","[6.0, 0.0, 0.0]","[2.0, 1.0, 0.0]"
10724n,0.5297578726233217,27.667371004730043,"[0.4, 0.26666666666666666, 0.3333333333333333]","[0.0, 1.0, 0.0]","[6.0, 4.0, 5.0]","[0.0, 4.0, 0.0]"
56124n,0.13933207862569288,8.160352358235297,"[0.2222222222222222, 0.3888888888888889, 0.3888888888888889]","[0.0, 0.6666666666666666, 0.3333333333333333]","[4.0, 7.0, 7.0]","[0.0, 2.0, 1.0]"
98844n,0.027292584668899795,0.11208149732853837,"[0.3333333333333333, 0.4166666666666667, 0.25]","[0.5, 0.25, 0.25]","[4.0, 5.0, 3.0]","[2.0, 1.0, 1.0]"
35700c,0.0,0.0,"[0.0, 0.0, 1.0]","[0.0, 0.0, 1.0]","[0.0, 0.0, 3.0]","[0.0, 0.0, 2.0]"
69815n,0.3112781244591328,18.570604521958185,"[0.1, 0.5, 0.4]","[0.0, 1.0, 0.0]","[1.0, 5.0, 4.0]","[0.0, 4.0, 0.0]"
76957c,0.1379253809700299,0.4150374992409149,"[0.0, 1.0, 0.0]","[0.0, 0.75, 0.25]","[0.0, 8.0, 0.0]","[0.0, 3.0, 1.0]"
13765c,0.1915166352929592,0.5881708687009624,"[0.4666666666666667, 0.5333333333333333, 0.0]","[0.3333333333333333, 0.3333333333333333, 0.3333333333333333]","[7.0, 8.0, 0.0]","[0.0, 0.0, 0.0]"
111243n,0.1379253809700299,9.154506160242205,"[0.75, 0.0, 0.25]","[1.0, 0.0, 0.0]","[6.0, 0.0, 2.0]","[4.0, 0.0, 0.0]"
119768n,0.37050650054950524,21.233782368042704,"[0.3333333333333333, 0.42857142857142855, 0.23809523809523808]","[0.0, 1.0, 0.0]","[7.0, 9.0, 5.0]","[0.0, 3.0, 0.0]"
76020e,0.5487949406953986,1.9999999999582243,"[1.0, 0.0, 0.0]","[0.25, 0.0, 0.75]","[3.0, 0.0, 0.0]","[1.0, 0.0, 3.0]"
124839c,0.23082119152696265,13.379084659304002,"[0.35714285714285715, 0.35714285714285715, 0.2857142857142857]","[0.0, 0.75, 0.25]","[5.0, 5.0, 4.0]","[0.0, 3.0, 1.0]"
113039e,0.3112781244591328,0.9999999999606944,"[1.0, 0.0, 0.0]","[0.5, 0.5, 0.0]","[8.0, 0.0, 0.0]","[2.0, 2.0, 0.0]"
22587e,0.0,0.0,"[1.0, 0.0, 0.0]","[1.0, 0.0, 0.0]","[8.0, 0.0, 0.0]","[3.0, 0.0, 0.0]"
28507n,0.4059369371110205,22.81882374496619,"[0.3888888888888889, 0.2222222222222222, 0.3888888888888889]","[1.0, 0.0, 0.0]","[7.0, 4.0, 7.0]","[4.0, 0.0, 0.0]"
113668n,0.43984465636092385,24.245229393173155,"[0.4117647058823529, 0.35294117647058826, 0.23529411764705882]","[0.0, 1.0, 0.0]","[7.0, 6.0, 4.0]","[0.0, 2.0, 0.0]"
11601n,1.0,38.8631371386891,"[0.5, 0.0, 0.5]","[0.0, 1.0, 0.0]","[5.0, 0.0, 5.0]","[0.0, 4.0, 0.0]"
129601e,0.0,0.0,"[1.0, 0.0, 0.0]","[1.0, 0.0, 0.0]","[6.0, 0.0, 0.0]","[3.0, 0.0, 0.0]"
122322e,0.19670633881974145,12.388782815897967,"[0.4, 0.3333333333333333, 0.26666666666666666]","[0.5, 0.0, 0.5]","[6.0, 5.0, 4.0]","[1.0, 0.0, 1.0]"
48454c,0.43578523670768377,24.048896163500352,"[0.35714285714285715, 0.35714285714285715, 0.2857142857142857]","[0.0, 1.0, 0.0]","[5.0, 5.0, 4.0]","[0.0, 4.0, 0.0]"
2870n,0.092593903166285,0.3950644052558785,"[0.6, 0.4, 0.0]","[0.25, 0.75, 0.0]","[3.0, 2.0, 0.0]","[1.0, 3.0, 0.0]"
122645n,0.48034295612758887,25.928689781436766,"[0.1875, 0.3125, 0.5]","[0.0, 1.0, 0.0]","[3.0, 5.0, 8.0]","[0.0, 3.0, 0.0]"
117576e,0.22469162426124026,14.232408772165586,"[0.38095238095238093, 0.23809523809523808, 0.38095238095238093]","[0.6666666666666666, 0.3333333333333333, 0.0]","[8.0, 5.0, 8.0]","[2.0, 1.0, 0.0]"
45605n,1.0,38.8631371386891,"[0.5, 0.0, 0.5]","[0.0, 1.0, 0.0]","[5.0, 0.0, 5.0]","[0.0, 4.0, 0.0]"
38527n,0.1379253809700299,0.4150374992409149,"[1.0, 0.0, 0.0]","[0.75, 0.25, 0.0]","[6.0, 0.0, 0.0]","[3.0, 1.0, 0.0]"
97520e,0.3112781244591328,0.9999999999606944,"[1.0, 0.0, 0.0]","[0.5, 0.5, 0.0]","[5.0, 0.0, 0.0]","[2.0, 2.0, 0.0]"
23751c,0.2762115685491562,17.125577578857694,"[0.45454545454545453, 0.5454545454545454, 0.0]","[0.0, 1.0, 0.0]","[5.0, 6.0, 0.0]","[0.0, 4.0, 0.0]"
32889n,0.5173990419746428,27.294505459183334,"[0.5, 0.2777777777777778, 0.2222222222222222]","[0.0, 1.0, 0.0]","[9.0, 5.0, 4.0]","[0.0, 3.0, 0.0]"
58016c,0.19128179792782696,9.35217556100311,"[0.25, 0.35, 0.4]","[0.0, 0.75, 0.25]","[5.0, 7.0, 8.0]","[0.0, 3.0, 1.0]"
10119e,1.0,39.31957269548831,"[0.875, 0.0, 0.125]","[0.0, 1.0, 0.0]","[7.0, 0.0, 1.0]","[0.0, 3.0, 0.0]"
13911n,0.5487949406953986,28.59855791336888,"[0.625, 0.25, 0.125]","[0.0, 1.0, 0.0]","[5.0, 2.0, 1.0]","[0.0, 3.0, 0.0]"
138530e,0.22434065561099042,12.483525169611253,"[0.2857142857142857, 0.38095238095238093, 0.3333333333333333]","[0.6666666666666666, 0.3333333333333333, 0.0]","[6.0, 8.0, 7.0]","[2.0, 1.0, 0.0]"
90548e,0.0,0.0,"[1.0, 0.0, 0.0]","[1.0, 0.0, 0.0]","[4.0, 0.0, 0.0]","[4.0, 0.0, 0.0]"
115247c,0.13917831583307674,9.158910811228525,"[0.25, 0.4166666666666667, 0.3333333333333333]","[0.0, 0.6, 0.4]","[3.0, 5.0, 4.0]","[0.0, 3.0, 2.0]"
137715n,0.24006096177262265,10.530639117402417,"[0.2777777777777778, 0.4444444444444444, 0.2777777777777778]","[0.75, 0.25, 0.0]","[5.0, 8.0, 5.0]","[3.0, 1.0, 0.0]"
53866e,0.3112781244591328,18.45435156793993,"[0.3125, 0.5, 0.1875]","[0.0, 1.0, 0.0]","[5.0, 8.0, 3.0]","[0.0, 3.0, 0.0]"
135251n,0.48567507601574667,24.82711091809162,"[0.21428571428571427, 0.14285714285714285, 0.6428571428571429]","[0.25, 0.75, 0.0]","[3.0, 2.0, 9.0]","[1.0, 3.0, 0.0]"
16494c,0.5087256743873158,26.89626310197534,"[0.35714285714285715, 0.35714285714285715, 0.2857142857142857]","[0.0, 0.0, 1.0]","[5.0, 5.0, 4.0]","[0.0, 0.0, 1.0]"
123027n,0.35603711506858116,20.053385924295256,"[0.21052631578947367, 0.2631578947368421, 0.5263157894736842]","[0.6666666666666666, 0.3333333333333333, 0.0]","[4.0, 5.0, 10.0]","[2.0, 1.0, 0.0]"
22938e,0.13592976019886163,0.6013114500037612,"[0.6190476190476191, 0.38095238095238093, 0.0]","[0.2, 0.8, 0.0]","[13.0, 8.0, 0.0]","[1.0, 4.0, 0.0]"
10547c,0.16011249429901175,10.29455343556394,"[0.21428571428571427, 0.07142857142857142, 0.7142857142857143]","[0.0, 0.0, 1.0]","[3.0, 1.0, 10.0]","[0.0, 0.0, 4.0]"
97569e,0.44482259494169923,24.466697978936207,"[0.34782608695652173, 0.21739130434782608, 0.43478260869565216]","[1.0, 0.0, 0.0]","[8.0, 5.0, 10.0]","[3.0, 0.0, 0.0]"
103559e,0.24006096177262265,10.530639117402417,"[0.2777777777777778, 0.2777777777777778, 0.4444444444444444]","[0.75, 0.0, 0.25]","[5.0, 5.0, 8.0]","[3.0, 0.0, 1.0]"
52171c,0.2762056371461587,14.195447483412012,"[0.3125, 0.3125, 0.375]","[0.8, 0.2, 0.0]","[5.0, 5.0, 6.0]","[4.0, 1.0, 0.0]"
92774n,0.1749349185471238,11.097464297684045,"[0.3, 0.4, 0.3]","[0.0, 0.6666666666666666, 0.3333333333333333]","[3.0, 4.0, 3.0]","[0.0, 2.0, 1.0]"
142604e,0.5487949406953986,1.9999999999582243,"[1.0, 0.0, 0.0]","[0.25, 0.75, 0.0]","[7.0, 0.0, 0.0]","[1.0, 3.0, 0.0]"
113193n,0.35686714873036746,20.615694242570086,"[0.3333333333333333, 0.4444444444444444, 0.2222222222222222]","[0.0, 1.0, 0.0]","[6.0, 8.0, 4.0]","[0.0, 3.0, 0.0]"
49237c,1.0,38.883268382037905,"[0.4166666666666667, 0.5833333333333334, 0.0]","[0.0, 0.0, 1.0]","[5.0, 7.0, 0.0]","[0.0, 0.0, 4.0]"
27335e,0.24655720729067462,15.007206782288039,"[0.32, 0.28, 0.4]","[0.6666666666666666, 0.3333333333333333, 0.0]","[8.0, 7.0, 10.0]","[2.0, 1.0, 0.0]"
110061n,0.41326707189653267,23.12341701905538,"[0.23809523809523808, 0.38095238095238093, 0.38095238095238093]","[0.0, 1.0, 0.0]","[5.0, 8.0, 8.0]","[0.0, 4.0, 0.0]"
56743e,0.3627987332841228,20.917773825623946,"[0.375, 0.4375, 0.1875]","[0.0, 1.0, 0.0]","[6.0, 7.0, 3.0]","[0.0, 4.0, 0.0]"
69975n,0.7770078865364001,29.66655675325028,"[0.75, 0.0, 0.25]","[0.0, 0.8, 0.2]","[3.0, 0.0, 1.0]","[0.0, 4.0, 1.0]"
17753n,0.17743799147363243,10.587034685887271,"[0.35714285714285715, 0.35714285714285715, 0.2857142857142857]","[0.3333333333333333, 0.6666666666666666, 0.0]","[5.0, 5.0, 4.0]","[1.0, 2.0, 0.0]"
134514c,0.1379253809700299,9.15450616024215,"[0.25, 0.375, 0.375]","[0.0, 0.5, 0.5]","[2.0, 3.0, 3.0]","[0.0, 1.0, 1.0]"
141321n,0.3112781244591328,18.931568569364202,"[0.5, 0.0, 0.5]","[0.0, 0.0, 1.0]","[2.0, 0.0, 2.0]","[0.0, 0.0, 4.0]"
103354n,0.5487949406953986,1.9999999999582243,"[1.0, 0.0, 0.0]","[0.25, 0.75, 0.0]","[4.0, 0.0, 0.0]","[1.0, 3.0, 0.0]"
17660e,0.005351707572143807,0.021760410736619176,"[0.5833333333333334, 0.4166666666666667, 0.0]","[0.6666666666666666, 0.3333333333333333, 0.0]","[7.0, 5.0, 0.0]","[2.0, 1.0, 0.0]"
87332c,0.39581560200335836,22.39595418838016,"[0.4, 0.4, 0.2]","[0.0, 1.0, 0.0]","[4.0, 4.0, 2.0]","[0.0, 3.0, 0.0]"
82528c,0.3112781244591328,18.570604521958185,"[0.1, 0.5, 0.4]","[0.0, 1.0, 0.0]","[1.0, 5.0, 4.0]","[0.0, 1.0, 0.0]"
123703e,1.0,39.8631371386498,"[1.0, 0.0, 0.0]","[0.0, 0.0, 1.0]","[8.0, 0.0, 0.0]","[0.0, 0.0, 4.0]"
96516e,0.39581560200335836,1.3219280948473942,"[1.0, 0.0, 0.0]","[0.4, 0.6, 0.0]","[8.0, 0.0, 0.0]","[2.0, 3.0, 0.0]"
42983e,0.195709628799731,0.7682734124043754,"[0.8333333333333334, 0.16666666666666666, 0.0]","[0.3333333333333333, 0.6666666666666666, 0.0]","[5.0, 1.0, 0.0]","[1.0, 2.0, 0.0]"
52542n,1.0,39.8631371386498,"[1.0, 0.0, 0.0]","[0.0, 1.0, 0.0]","[4.0, 0.0, 0.0]","[0.0, 3.0, 0.0]"
13387e,0.3112781244591328,0.9999999999606944,"[1.0, 0.0, 0.0]","[0.5, 0.5, 0.0]","[6.0, 0.0, 0.0]","[2.0, 2.0, 0.0]"
88050c,1.0,39.8631371386498,"[1.0, 0.0, 0.0]","[0.0, 0.0, 1.0]","[3.0, 0.0, 0.0]","[0.0, 0.0, 4.0]"
82510c,1.0,38.90870313576404,"[0.625, 0.375, 0.0]","[0.0, 0.0, 1.0]","[5.0, 3.0, 0.0]","[0.0, 0.0, 3.0]"
83900e,0.0019148120745383522,0.0075562178687875875,"[0.35714285714285715, 0.35714285714285715, 0.2857142857142857]","[0.3333333333333333, 0.3333333333333333, 0.3333333333333333]","[5.0, 5.0, 4.0]","[1.0, 1.0, 1.0]"
124853e,0.3568671487303673,20.615694242570086,"[0.4444444444444444, 0.2222222222222222, 0.3333333333333333]","[1.0, 0.0, 0.0]","[8.0, 4.0, 6.0]","[3.0, 0.0, 0.0]"
123748n,0.25891441543739047,12.609236679788458,"[0.2777777777777778, 0.3888888888888889, 0.3333333333333333]","[0.75, 0.25, 0.0]","[5.0, 7.0, 6.0]","[3.0, 1.0, 0.0]"
129081e,0.6355222557917826,26.097771623341764,"[0.6666666666666666, 0.3333333333333333, 0.0]","[0.0, 0.4, 0.6]","[10.0, 5.0, 0.0]","[0.0, 2.0, 3.0]"
141110n,0.45914791702724467,24.99046225845656,"[0.3333333333333333, 0.3333333333333333, 0.3333333333333333]","[0.0, 1.0, 0.0]","[4.0, 4.0, 4.0]","[0.0, 3.0, 0.0]"
131261n,0.533714821383084,27.848521218368383,"[0.2631578947368421, 0.2631578947368421, 0.47368421052631576]","[0.0, 1.0, 0.0]","[5.0, 5.0, 9.0]","[0.0, 4.0, 0.0]"
46059c,0.418821231072075,23.508821649503748,"[0.125, 0.5, 0.375]","[0.0, 0.0, 1.0]","[1.0, 4.0, 3.0]","[0.0, 0.0, 3.0]"
24385e,0.48034295612758887,25.928689781436766,"[0.5, 0.3125, 0.1875]","[0.0, 1.0, 0.0]","[8.0, 5.0, 3.0]","[0.0, 2.0, 0.0]"
111680e,0.45914791702724467,24.99046225845656,"[0.3333333333333333, 0.3333333333333333, 0.3333333333333333]","[1.0, 0.0, 0.0]","[6.0, 6.0, 6.0]","[4.0, 0.0, 0.0]"
70590c,0.26840186255622306,10.647854547243233,"[0.2777777777777778, 0.2777777777777778, 0.4444444444444444]","[0.0, 0.8, 0.2]","[5.0, 5.0, 8.0]","[0.0, 4.0, 1.0]"
121422c,0.4252835873133534,19.224049819686726,"[0.5, 0.5, 0.0]","[0.0, 0.6666666666666666, 0.3333333333333333]","[4.0, 4.0, 0.0]","[0.0, 2.0, 1.0]"
52761e,0.5487949406953986,1.9999999999582243,"[1.0, 0.0, 0.0]","[0.25, 0.75, 0.0]","[5.0, 0.0, 0.0]","[1.0, 3.0, 0.0]"
23280e,0.23082119152696265,13.379084659304002,"[0.2857142857142857, 0.35714285714285715, 0.35714285714285715]","[0.25, 0.75, 0.0]","[4.0, 5.0, 5.0]","[1.0, 3.0, 0.0]"
15537n,0.22565578682616286,14.370739217873963,"[0.38461538461538464, 0.6153846153846154, 0.0]","[0.0, 1.0, 0.0]","[5.0, 8.0, 0.0]","[0.0, 3.0, 0.0]"
101245n,0.3029574666970578,11.556473344261214,"[0.5, 0.2, 0.3]","[0.25, 0.75, 0.0]","[5.0, 2.0, 3.0]","[1.0, 3.0, 0.0]"
98710n,0.15563906222956644,9.215784284701114,"[0.25, 0.5, 0.25]","[0.5, 0.5, 0.0]","[4.0, 8.0, 4.0]","[2.0, 2.0, 0.0]"
71251n,0.5487949406953986,1.9999999999582243,"[1.0, 0.0, 0.0]","[0.25, 0.75, 0.0]","[4.0, 0.0, 0.0]","[1.0, 3.0, 0.0]"
134103n,0.23082119152696265,13.379084659304002,"[0.35714285714285715, 0.2857142857142857, 0.35714285714285715]","[0.75, 0.25, 0.0]","[5.0, 4.0, 5.0]","[3.0, 1.0, 0.0]"
21810n,0.45914791702724467,1.5849625006805783,"[1.0, 0.0, 0.0]","[0.3333333333333333, 0.6666666666666666, 0.0]","[3.0, 0.0, 0.0]","[1.0, 2.0, 0.0]"
91709c,1.0,39.863137138612345,"[1.0, 0.0, 0.0]","[0.0, 0.25, 0.75]","[8.0, 0.0, 0.0]","[0.0, 1.0, 3.0]"
33822n,0.9999999999999998,38.87790900265482,"[0.42857142857142855, 0.0, 0.5714285714285714]","[0.0, 1.0, 0.0]","[3.0, 0.0, 4.0]","[0.0, 3.0, 0.0]"
46198n,1.0,38.8631371386891,"[0.5, 0.0, 0.5]","[0.0, 1.0, 0.0]","[7.0, 0.0, 7.0]","[0.0, 4.0, 0.0]"
11297c,1.0,39.8631371386498,"[0.0, 1.0, 0.0]","[0.0, 0.0, 1.0]","[0.0, 8.0, 0.0]","[0.0, 0.0, 2.0]"
17179n,0.23812781805749617,14.979658625141385,"[0.3333333333333333, 0.26666666666666666, 0.4]","[0.5, 0.5, 0.0]","[5.0, 4.0, 6.0]","[2.0, 2.0, 0.0]"
94674c,1.0,39.8631371386498,"[1.0, 0.0, 0.0]","[0.0, 1.0, 0.0]","[5.0, 0.0, 0.0]","[0.0, 3.0, 0.0]"
23280n,0.34249494556665416,19.938531241708816,"[0.3076923076923077, 0.46153846153846156, 0.23076923076923078]","[0.0, 1.0, 0.0]","[4.0, 6.0, 3.0]","[0.0, 4.0, 0.0]"
47404e,0.3112781244591328,18.931568569364202,"[0.5, 0.5, 0.0]","[0.0, 1.0, 0.0]","[7.0, 7.0, 0.0]","[0.0, 3.0, 0.0]"
84781c,0.42956313049465866,23.794827242596156,"[0.36363636363636365, 0.36363636363636365, 0.2727272727272727]","[0.0, 1.0, 0.0]","[4.0, 4.0, 3.0]","[0.0, 3.0, 0.0]"
133274n,0.5252542029148881,16.854360977608668,"[0.42857142857142855, 0.0, 0.5714285714285714]","[0.0, 0.6, 0.4]","[6.0, 0.0, 8.0]","[0.0, 3.0, 2.0]"
133005n,0.2710445115835651,12.584035275422023,"[0.3333333333333333, 0.6666666666666666, 0.0]","[0.0, 0.8, 0.2]","[2.0, 4.0, 0.0]","[0.0, 4.0, 1.0]"
28306c,0.3651347825946946,21.000338227749268,"[0.34782608695652173, 0.21739130434782608, 0.43478260869565216]","[0.0, 0.0, 1.0]","[8.0, 5.0, 10.0]","[0.0, 0.0, 3.0]"
67610c,0.6099865470109875,2.3219280948068315,"[1.0, 0.0, 0.0]","[0.2, 0.4, 0.4]","[7.0, 0.0, 0.0]","[1.0, 2.0, 2.0]"
117093n,0.18331629737736305,7.538483493985932,"[0.3333333333333333, 0.4666666666666667, 0.2]","[0.75, 0.25, 0.0]","[5.0, 7.0, 3.0]","[3.0, 1.0, 0.0]"
26495e,0.025287064578965752,0.0997942408536172,"[0.3181818181818182, 0.36363636363636365, 0.3181818181818182]","[0.5, 0.25, 0.25]","[7.0, 8.0, 7.0]","[2.0, 1.0, 1.0]"
63013n,0.0,0.0,"[0.0, 1.0, 0.0]","[0.0, 1.0, 0.0]","[0.0, 6.0, 0.0]","[0.0, 3.0, 0.0]"
85279n,0.45914791702724467,24.99046225845656,"[0.3333333333333333, 0.3333333333333333, 0.3333333333333333]","[0.0, 1.0, 0.0]","[5.0, 5.0, 5.0]","[0.0, 4.0, 0.0]"
54383c,0.19087450462110958,0.584962500682742,"[0.0, 1.0, 0.0]","[0.0, 0.6666666666666666, 0.3333333333333333]","[0.0, 5.0, 0.0]","[0.0, 2.0, 1.0]"
132019n,0.0,0.0,"[1.0, 0.0, 0.0]","[1.0, 0.0, 0.0]","[10.0, 0.0, 0.0]","[3.0, 0.0, 0.0]"
27022c,0.49114315937023173,24.16754545840892,"[0.125, 0.625, 0.25]","[0.75, 0.0, 0.25]","[1.0, 5.0, 2.0]","[3.0, 0.0, 1.0]"
38475c,0.12641178761585228,7.316062665637464,"[0.2, 0.5333333333333333, 0.26666666666666666]","[0.0, 0.5, 0.5]","[3.0, 8.0, 4.0]","[0.0, 1.0, 1.0]"
16086n,0.048794940695398505,0.20751874963887507,"[0.5, 0.5, 0.0]","[0.25, 0.75, 0.0]","[1.0, 1.0, 0.0]","[1.0, 3.0, 0.0]"
14126e,0.0,0.0,"[0.0, 1.0, 0.0]","[0.0, 1.0, 0.0]","[0.0, 6.0, 0.0]","[0.0, 1.0, 0.0]"
53468n,0.3112781244591328,18.931568569364202,"[0.5, 0.5, 0.0]","[0.0, 1.0, 0.0]","[5.0, 5.0, 0.0]","[0.0, 2.0, 0.0]"
27287c,0.43578523670768377,24.048896163500352,"[0.2857142857142857, 0.35714285714285715, 0.35714285714285715]","[0.0, 1.0, 0.0]","[4.0, 5.0, 5.0]","[0.0, 3.0, 0.0]"
99791n,0.1379253809700299,0.4150374992409149,"[0.0, 1.0, 0.0]","[0.25, 0.75, 0.0]","[0.0, 1.0, 0.0]","[1.0, 3.0, 0.0]"
88605e,0.26866647658950904,16.72587377960097,"[0.5555555555555556, 0.4444444444444444, 0.0]","[1.0, 0.0, 0.0]","[5.0, 4.0, 0.0]","[4.0, 0.0, 0.0]"
96946n,0.19087450462110958,0.584962500682742,"[1.0, 0.0, 0.0]","[0.6666666666666666, 0.3333333333333333, 0.0]","[7.0, 0.0, 0.0]","[2.0, 1.0, 0.0]"
109876n,0.5000000000000001,19.431568569325616,"[0.5, 0.5, 0.0]","[0.0, 0.5, 0.5]","[5.0, 5.0, 0.0]","[0.0, 2.0, 2.0]"
8545c,1.0,39.8631371386498,"[0.0, 1.0, 0.0]","[0.0, 0.0, 1.0]","[0.0, 4.0, 0.0]","[0.0, 0.0, 3.0]"
135247c,0.23029215520445234,12.507762378627195,"[0.3333333333333333, 0.3333333333333333, 0.3333333333333333]","[0.0, 0.75, 0.25]","[4.0, 4.0, 4.0]","[0.0, 3.0, 1.0]"
74509n,0.0,0.0,"[1.0, 0.0, 0.0]","[1.0, 0.0, 0.0]","[2.0, 0.0, 0.0]","[4.0, 0.0, 0.0]"
117680c,1.0,39.8631371386498,"[0.0, 1.0, 0.0]","[0.0, 0.0, 1.0]","[0.0, 1.0, 0.0]","[0.0, 0.0, 4.0]"
14459n,0.4098733378580534,23.070676634856483,"[0.46153846153846156, 0.38461538461538464, 0.15384615384615385]","[0.0, 1.0, 0.0]","[12.0, 10.0, 4.0]","[0.0, 4.0, 0.0]"
108027n,0.418821231072075,23.335026708808993,"[0.3125, 0.375, 0.3125]","[0.0, 1.0, 0.0]","[5.0, 6.0, 5.0]","[0.0, 4.0, 0.0]"
134217e,0.45914791702724467,1.5849625006433,"[1.0, 0.0, 0.0]","[0.3333333333333333, 0.3333333333333333, 0.3333333333333333]","[6.0, 0.0, 0.0]","[0.0, 0.0, 0.0]"
136752n,1.0,39.8631371386498,"[1.0, 0.0, 0.0]","[0.0, 1.0, 0.0]","[7.0, 0.0, 0.0]","[0.0, 3.0, 0.0]"
120896n,0.0,0.0,"[1.0, 0.0, 0.0]","[1.0, 0.0, 0.0]","[9.0, 0.0, 0.0]","[3.0, 0.0, 0.0]"
51353e,0.303980994677359,10.451841010807282,"[0.7272727272727273, 0.0, 0.2727272727272727]","[0.6666666666666666, 0.3333333333333333, 0.0]","[8.0, 0.0, 3.0]","[2.0, 1.0, 0.0]"
22436n,0.48534030902224723,26.020935260574042,"[0.3076923076923077, 0.3076923076923077, 0.38461538461538464]","[0.0, 1.0, 0.0]","[4.0, 4.0, 5.0]","[0.0, 3.0, 0.0]"
56582n,0.20110282691527737,10.674574863685848,"[0.35714285714285715, 0.35714285714285715, 0.2857142857142857]","[0.75, 0.25, 0.0]","[5.0, 5.0, 4.0]","[3.0, 1.0, 0.0]"
46003n,0.3365365273291022,17.321794052338078,"[0.3181818181818182, 0.22727272727272727, 0.45454545454545453]","[0.25, 0.75, 0.0]","[7.0, 5.0, 10.0]","[1.0, 3.0, 0.0]"
75572n,0.18634493593083373,11.592458072187863,"[0.375, 0.3125, 0.3125]","[0.6666666666666666, 0.3333333333333333, 0.0]","[6.0, 5.0, 5.0]","[2.0, 1.0, 0.0]"
31249e,0.533714821383084,27.804521398441604,"[0.2631578947368421, 0.3684210526315789, 0.3684210526315789]","[1.0, 0.0, 0.0]","[5.0, 7.0, 7.0]","[4.0, 0.0, 0.0]"
129601n,0.37050650054950524,21.793707371804906,"[0.5714285714285714, 0.0, 0.42857142857142855]","[0.0, 0.0, 1.0]","[8.0, 0.0, 6.0]","[0.0, 0.0, 2.0]"
59934n,1.0,38.86740968660416,"[0.5384615384615384, 0.0, 0.46153846153846156]","[0.0, 1.0, 0.0]","[7.0, 0.0, 6.0]","[0.0, 3.0, 0.0]"
49462c,1.0,39.8631371386121,"[0.0, 0.0, 1.0]","[0.3333333333333333, 0.6666666666666666, 0.0]","[0.0, 0.0, 3.0]","[1.0, 2.0, 0.0]"
128160n,0.25428901719258556,14.624690826340501,"[0.2777777777777778, 0.3333333333333333, 0.3888888888888889]","[0.25, 0.75, 0.0]","[5.0, 6.0, 7.0]","[1.0, 3.0, 0.0]"
5193n,0.533714821383084,27.815405929784756,"[0.2631578947368421, 0.42105263157894735, 0.3157894736842105]","[1.0, 0.0, 0.0]","[5.0, 8.0, 6.0]","[4.0, 0.0, 0.0]"
1073c,0.5487949406953986,28.397352854064955,"[0.25, 0.25, 0.5]","[0.0, 1.0, 0.0]","[5.0, 5.0, 10.0]","[0.0, 4.0, 0.0]"
12815n,0.26262457335546363,11.112837175565419,"[0.25, 0.4583333333333333, 0.2916666666666667]","[0.75, 0.25, 0.0]","[6.0, 11.0, 7.0]","[3.0, 1.0, 0.0]"
127809n,0.0,0.0,"[1.0, 0.0, 0.0]","[1.0, 0.0, 0.0]","[4.0, 0.0, 0.0]","[4.0, 0.0, 0.0]"
58557e,0.09902102911289083,4.859245820789756,"[0.13333333333333333, 0.4, 0.4666666666666667]","[0.0, 0.6666666666666666, 0.3333333333333333]","[2.0, 6.0, 7.0]","[0.0, 2.0, 1.0]"
65199n,0.38527213936327215,22.47148638171685,"[0.5882352941176471, 0.4117647058823529, 0.0]","[0.0, 1.0, 0.0]","[10.0, 7.0, 0.0]","[0.0, 3.0, 0.0]"
99708e,0.6223847512520989,15.244242424067766,"[0.0, 0.625, 0.375]","[0.75, 0.25, 0.0]","[0.0, 5.0, 3.0]","[3.0, 1.0, 0.0]"
47798n,0.4098733378580534,22.982580709647067,"[0.23076923076923078, 0.38461538461538464, 0.38461538461538464]","[0.0, 1.0, 0.0]","[3.0, 5.0, 5.0]","[0.0, 4.0, 0.0]"
6105e,0.37519620693013067,19.09253261677048,"[0.5, 0.5, 0.0]","[0.8, 0.0, 0.2]","[5.0, 5.0, 0.0]","[4.0, 0.0, 1.0]"
136752e,0.37050650054950524,21.248316513029046,"[0.42857142857142855, 0.21428571428571427, 0.35714285714285715]","[1.0, 0.0, 0.0]","[6.0, 3.0, 5.0]","[4.0, 0.0, 0.0]"
14388e,0.5173990419746428,27.243411873708816,"[0.2777777777777778, 0.2777777777777778, 0.4444444444444444]","[0.0, 1.0, 0.0]","[5.0, 5.0, 8.0]","[0.0, 3.0, 0.0]"
66689c,0.39581560200335836,22.35228605291007,"[0.26666666666666666, 0.3333333333333333, 0.4]","[0.0, 0.0, 1.0]","[4.0, 5.0, 6.0]","[0.0, 0.0, 3.0]"
45306n,0.4098733378580534,23.56992471140853,"[0.6153846153846154, 0.38461538461538464, 0.0]","[0.0, 1.0, 0.0]","[8.0, 5.0, 0.0]","[0.0, 4.0, 0.0]"
7449e,0.4098733378580534,23.070676634856483,"[0.46153846153846156, 0.38461538461538464, 0.15384615384615385]","[0.0, 1.0, 0.0]","[6.0, 5.0, 2.0]","[0.0, 3.0, 0.0]"
140782c,1.0,38.872061078850855,"[0.4444444444444444, 0.5555555555555556, 0.0]","[0.0, 0.0, 1.0]","[4.0, 5.0, 0.0]","[0.0, 0.0, 4.0]"
120955n,0.20679889044557048,12.949780664333144,"[0.14285714285714285, 0.6428571428571429, 0.21428571428571427]","[0.0, 1.0, 0.0]","[2.0, 9.0, 3.0]","[0.0, 3.0, 0.0]"
139409e,0.19087450462110958,12.369416545534575,"[0.6666666666666666, 0.0, 0.3333333333333333]","[1.0, 0.0, 0.0]","[2.0, 0.0, 1.0]","[2.0, 0.0, 0.0]"
52854n,0.21158487626919362,13.312660340113585,"[0.21428571428571427, 0.42857142857142855, 0.35714285714285715]","[0.25, 0.75, 0.0]","[3.0, 6.0, 5.0]","[1.0, 3.0, 0.0]"
8487n,0.0,0.0,"[1.0, 0.0, 0.0]","[1.0, 0.0, 0.0]","[4.0, 0.0, 0.0]","[2.0, 0.0, 0.0]"
142729c,1.0,39.8631371386498,"[0.0, 1.0, 0.0]","[0.0, 0.0, 1.0]","[0.0, 3.0, 0.0]","[0.0, 0.0, 4.0]"
11362e,1.0,39.86313713861199,"[1.0, 0.0, 0.0]","[0.0, 0.4, 0.6]","[3.0, 0.0, 0.0]","[0.0, 2.0, 3.0]"
46198c,0.26866647658950915,16.725873779600764,"[0.4444444444444444, 0.2777777777777778, 0.2777777777777778]","[0.0, 0.5, 0.5]","[8.0, 5.0, 5.0]","[0.0, 2.0, 2.0]"
23751e,0.4606476301206653,16.213105051120152,"[0.5833333333333334, 0.4166666666666667, 0.0]","[0.5, 0.0, 0.5]","[7.0, 5.0, 0.0]","[1.0, 0.0, 1.0]"
19768c,0.11478097919534747,7.274039728414928,"[0.2, 0.6666666666666666, 0.13333333333333333]","[0.0, 0.75, 0.25]","[3.0, 10.0, 2.0]","[0.0, 3.0, 1.0]"
129081n,0.25428901719258556,14.624690826340501,"[0.3888888888888889, 0.3333333333333333, 0.2777777777777778]","[0.0, 0.75, 0.25]","[7.0, 6.0, 5.0]","[0.0, 3.0, 1.0]"
123751n,0.021840596586582536,0.08627393026978927,"[0.32, 0.2, 0.48]","[0.3333333333333333, 0.3333333333333333, 0.3333333333333333]","[8.0, 5.0, 12.0]","[1.0, 1.0, 1.0]"
17576n,0.43578523670768377,24.048896163500352,"[0.35714285714285715, 0.35714285714285715, 0.2857142857142857]","[0.0, 1.0, 0.0]","[5.0, 5.0, 4.0]","[0.0, 2.0, 0.0]"
127410n,0.15563906222956644,0.49999999996169414,"[0.5, 0.5, 0.0]","[0.5, 0.25, 0.25]","[5.0, 5.0, 0.0]","[2.0, 1.0, 1.0]"
70047c,0.28987325104945255,16.535484212906404,"[0.3125, 0.25, 0.4375]","[0.3333333333333333, 0.6666666666666666, 0.0]","[5.0, 4.0, 7.0]","[1.0, 2.0, 0.0]"
143789n,0.5487949406953986,1.9999999999209461,"[1.0, 0.0, 0.0]","[0.25, 0.25, 0.5]","[7.0, 0.0, 0.0]","[1.0, 1.0, 2.0]"
82156e,0.380930090909788,21.725127765081027,"[0.375, 0.4166666666666667, 0.20833333333333334]","[0.0, 1.0, 0.0]","[9.0, 10.0, 5.0]","[0.0, 2.0, 0.0]"
115821n,0.3365365273291022,17.321794052338078,"[0.3181818181818182, 0.22727272727272727, 0.45454545454545453]","[0.25, 0.75, 0.0]","[7.0, 5.0, 10.0]","[1.0, 3.0, 0.0]"
95186n,0.45914791702724467,25.657128925084503,"[0.6666666666666666, 0.3333333333333333, 0.0]","[0.0, 1.0, 0.0]","[4.0, 2.0, 0.0]","[0.0, 4.0, 0.0]"
118415n,0.345455049941067,14.20241888467858,"[0.42105263157894735, 0.21052631578947367, 0.3684210526315789]","[0.2, 0.8, 0.0]","[8.0, 4.0, 7.0]","[1.0, 4.0, 0.0]"
105769c,0.45914791702724483,25.020839589839824,"[0.25, 0.4166666666666667, 0.3333333333333333]","[0.0, 0.0, 1.0]","[3.0, 5.0, 4.0]","[0.0, 0.0, 4.0]"
19803e,0.04034177542204527,0.17539267156897387,"[0.5833333333333334, 0.4166666666666667, 0.0]","[0.8, 0.2, 0.0]","[7.0, 5.0, 0.0]","[4.0, 1.0, 0.0]"
47408n,0.5661236006735826,28.961385586879338,"[0.23529411764705882, 0.47058823529411764, 0.29411764705882354]","[1.0, 0.0, 0.0]","[4.0, 8.0, 5.0]","[2.0, 0.0, 0.0]"
103364n,0.1971549793805764,0.7510905283096174,"[0.38461538461538464, 0.6153846153846154, 0.0]","[0.6, 0.2, 0.2]","[5.0, 8.0, 0.0]","[3.0, 1.0, 1.0]"
79507e,0.5605218825340386,28.779360414372135,"[0.48, 0.24, 0.28]","[0.0, 1.0, 0.0]","[12.0, 6.0, 7.0]","[0.0, 4.0, 0.0]"
12601n,0.5297578726233217,27.667371004730043,"[0.4, 0.26666666666666666, 0.3333333333333333]","[0.0, 1.0, 0.0]","[6.0, 4.0, 5.0]","[0.0, 4.0, 0.0]"
19921n,0.2738654610595804,16.948920642131338,"[0.25, 0.3, 0.45]","[0.5, 0.5, 0.0]","[5.0, 6.0, 9.0]","[1.0, 1.0, 0.0]"
66225n,0.38527213936327215,21.900338973252584,"[0.35294117647058826, 0.4117647058823529, 0.23529411764705882]","[0.0, 1.0, 0.0]","[6.0, 7.0, 4.0]","[0.0, 3.0, 0.0]"
41975c,0.39581560200335836,22.55691823582316,"[0.5, 0.4, 0.1]","[0.0, 1.0, 0.0]","[5.0, 4.0, 1.0]","[0.0, 4.0, 0.0]"
102817c,0.48534030902224723,26.020935260574042,"[0.38461538461538464, 0.3076923076923077, 0.3076923076923077]","[0.0, 1.0, 0.0]","[5.0, 4.0, 4.0]","[0.0, 2.0, 0.0]"
84781e,0.20353531219360388,10.983478400269524,"[0.29411764705882354, 0.29411764705882354, 0.4117647058823529]","[0.0, 0.6666666666666666, 0.3333333333333333]","[5.0, 5.0, 7.0]","[0.0, 2.0, 1.0]"
23769n,0.3568671487303673,20.754040075662452,"[0.4444444444444444, 0.4444444444444444, 0.1111111111111111]","[0.0, 1.0, 0.0]","[4.0, 4.0, 1.0]","[0.0, 4.0, 0.0]"
82174e,0.2814401803249482,15.558884974683867,"[0.29411764705882354, 0.29411764705882354, 0.4117647058823529]","[0.75, 0.25, 0.0]","[5.0, 5.0, 7.0]","[3.0, 1.0, 0.0]"
28601n,0.3112781244591328,0.9999999999606944,"[1.0, 0.0, 0.0]","[0.5, 0.5, 0.0]","[5.0, 0.0, 0.0]","[1.0, 1.0, 0.0]"
120323n,0.4149331812716074,21.29819039269684,"[0.4444444444444444, 0.5555555555555556, 0.0]","[0.8, 0.0, 0.2]","[4.0, 5.0, 0.0]","[4.0, 0.0, 1.0]"
103431n,0.3112781244591328,0.9999999999606944,"[0.0, 1.0, 0.0]","[0.5, 0.5, 0.0]","[0.0, 8.0, 0.0]","[2.0, 2.0, 0.0]"
19c,0.49910432727283877,18.277107163004075,"[0.4666666666666667, 0.06666666666666667, 0.4666666666666667]","[0.0, 0.75, 0.25]","[7.0, 1.0, 7.0]","[0.0, 3.0, 1.0]"
132525n,0.3112781244591328,18.43895450138535,"[0.2857142857142857, 0.5, 0.21428571428571427]","[0.0, 1.0, 0.0]","[4.0, 7.0, 3.0]","[0.0, 4.0, 0.0]"
70711c,0.6233526063662866,22.472977014932184,"[0.5714285714285714, 0.42857142857142855, 0.0]","[0.0, 0.3333333333333333, 0.6666666666666666]","[8.0, 6.0, 0.0]","[0.0, 1.0, 2.0]"
74377e,0.03957160000461373,2.6751516009197567,"[0.9230769230769231, 0.07692307692307693, 0.0]","[1.0, 0.0, 0.0]","[12.0, 1.0, 0.0]","[3.0, 0.0, 0.0]"
7856c,0.3112781244591328,18.931568569364202,"[0.5, 0.5, 0.0]","[0.0, 1.0, 0.0]","[7.0, 7.0, 0.0]","[0.0, 1.0, 0.0]"
31775c,1.0,38.8631371386891,"[0.5, 0.0, 0.5]","[0.0, 1.0, 0.0]","[2.0, 0.0, 2.0]","[0.0, 2.0, 0.0]"
54811c,0.42956313049465866,23.794827242596156,"[0.36363636363636365, 0.36363636363636365, 0.2727272727272727]","[0.0, 1.0, 0.0]","[4.0, 4.0, 3.0]","[0.0, 4.0, 0.0]"
25437n,0.07501121082417708,3.0377689670733323,"[0.4166666666666667, 0.5, 0.08333333333333333]","[0.25, 0.75, 0.0]","[5.0, 6.0, 1.0]","[1.0, 3.0, 0.0]"
50480n,0.25698118924235425,15.820392457042876,"[0.35714285714285715, 0.5714285714285714, 0.07142857142857142]","[0.0, 1.0, 0.0]","[5.0, 8.0, 1.0]","[0.0, 2.0, 0.0]"
91601n,0.3112781244591328,18.931568569364202,"[0.0, 0.5, 0.5]","[0.0, 1.0, 0.0]","[0.0, 2.0, 2.0]","[0.0, 3.0, 0.0]"
133243e,0.18138773738869216,11.277416321292844,"[0.30434782608695654, 0.43478260869565216, 0.2608695652173913]","[0.0, 0.5, 0.5]","[7.0, 10.0, 6.0]","[0.0, 2.0, 2.0]"
66185c,0.3112781244591328,0.9999999999606944,"[0.0, 1.0, 0.0]","[0.5, 0.5, 0.0]","[0.0, 10.0, 0.0]","[1.0, 1.0, 0.0]"
134655c,0.38527213936327215,21.953079970442964,"[0.17647058823529413, 0.4117647058823529, 0.4117647058823529]","[0.0, 0.0, 1.0]","[3.0, 7.0, 7.0]","[0.0, 0.0, 4.0]"
48553c,0.013182168842508443,0.054964434124153444,"[0.0, 0.625, 0.375]","[0.0, 0.75, 0.25]","[0.0, 5.0, 3.0]","[0.0, 3.0, 1.0]"
49227n,1.0,38.872061078850855,"[0.4444444444444444, 0.0, 0.5555555555555556]","[0.0, 1.0, 0.0]","[4.0, 0.0, 5.0]","[0.0, 4.0, 0.0]"
82415n,0.16011249429901175,10.526347185372249,"[0.35714285714285715, 0.35714285714285715, 0.2857142857142857]","[0.5, 0.5, 0.0]","[5.0, 5.0, 4.0]","[2.0, 2.0, 0.0]"
72870n,0.5757993983191749,29.27482916483857,"[0.3181818181818182, 0.22727272727272727, 0.45454545454545453]","[0.0, 1.0, 0.0]","[7.0, 5.0, 10.0]","[0.0, 4.0, 0.0]"
32754n,0.3112781244591328,18.525929507172524,"[0.5, 0.125, 0.375]","[1.0, 0.0, 0.0]","[4.0, 1.0, 3.0]","[3.0, 0.0, 0.0]"
30139n,0.26866647658950904,16.725873779600764,"[0.2777777777777778, 0.2777777777777778, 0.4444444444444444]","[0.5, 0.5, 0.0]","[5.0, 5.0, 8.0]","[2.0, 2.0, 0.0]"
13133n,0.0,0.0,"[0.0, 1.0, 0.0]","[0.0, 1.0, 0.0]","[0.0, 5.0, 0.0]","[0.0, 4.0, 0.0]"
